HMMER3/f [3.2.1 | June 2018]
NAME  mcrAref
LENG  96
ALPH  amino
RF    no
MM    no
CONS  yes
CS    no
MAP   yes
DATE  Wed Oct 16 18:36:54 2019
NSEQ  18
EFFN  0.892090
CKSUM 2643034411
STATS LOCAL MSV       -9.6160  0.71825
STATS LOCAL VITERBI  -10.3903  0.71825
STATS LOCAL FORWARD   -3.9376  0.71825
HMM          A        C        D        E        F        G        H        I        K        L        M        N        P        Q        R        S        T        V        W        Y   
            m->m     m->i     m->d     i->m     i->i     d->m     d->d
  COMPO   2.64552  4.56499  2.82653  2.56949  3.16546  2.75324  3.65218  2.95443  2.51380  2.58070  3.52110  3.07300  3.30816  2.96092  2.85861  2.73005  2.89462  2.79006  4.96944  3.45032
          2.68607  4.42227  2.77522  2.73126  3.46356  2.40515  3.72497  3.29356  2.67743  2.69357  4.24576  2.90349  2.73742  3.18149  2.89803  2.37889  2.77522  2.98521  4.58479  3.61505
          0.43764  2.18623  1.41839  0.53544  0.88047  0.00000        *
      1   2.40550  4.39518  3.35723  2.84732  3.56463  3.48958  3.80845  2.77700  2.36528  2.49207  2.26177  3.24980  3.92164  3.08199  2.93498  2.79987  2.86501  2.57812  5.02482  3.78644      3 m - - -
          2.68618  4.42225  2.77519  2.73123  3.46354  2.40513  3.72494  3.29354  2.67741  2.69355  4.24690  2.90347  2.73739  3.18146  2.89801  2.37887  2.77519  2.98518  4.58477  3.61503
          0.03172  3.86233  4.58467  0.61958  0.77255  0.49047  0.94763
      2   2.13766  4.18680  3.76525  3.20262  3.35127  3.62612  3.98491  2.26458  3.12165  2.34478  2.48797  3.52026  4.02856  3.40228  3.40679  2.77590  2.68002  2.13851  4.87086  3.66085      4 a - - -
          2.68618  4.42225  2.77519  2.73123  3.46354  2.40513  3.72494  3.29354  2.67741  2.69355  4.24690  2.90347  2.73739  3.18146  2.89801  2.37887  2.77519  2.98518  4.58477  3.61503
          0.02672  4.03136  4.75371  0.61958  0.77255  0.59022  0.80790
      3   2.11256  5.08643  2.28101  2.03914  4.38610  3.32863  3.62998  3.84508  2.29820  3.37890  4.16806  2.65825  3.79471  2.76074  2.94533  2.64700  2.74686  3.45671  5.56033  4.16000      5 e - - -
          2.68618  4.42225  2.77519  2.73123  3.46354  2.40513  3.72494  3.29354  2.67741  2.69355  4.24690  2.90347  2.73739  3.18146  2.89801  2.37887  2.77519  2.98518  4.58477  3.61503
          0.02672  4.03136  4.75371  0.61958  0.77255  0.42558  1.05955
      4   2.40662  4.95509  2.28796  2.36254  4.23682  3.40000  3.28338  3.68002  2.36749  3.23222  3.19168  2.76990  3.79950  2.58001  2.63241  2.61099  2.84677  3.31221  5.42614  4.05801      6 d - - -
          2.68618  4.42225  2.77519  2.73123  3.46354  2.40513  3.72494  3.29354  2.67741  2.69355  4.24690  2.90347  2.73739  3.18146  2.89801  2.37887  2.77519  2.98518  4.58477  3.61503
          0.02420  4.12927  4.85162  0.61958  0.77255  0.48576  0.95510
      5   2.32966  4.74312  3.03930  2.22355  3.97324  3.44547  3.65352  2.75396  2.33121  2.99741  3.82513  2.99703  3.83834  2.81886  2.60601  2.48031  2.67472  3.06912  5.25814  3.94234      7 e - - -
          2.68618  4.42225  2.77519  2.73123  3.46354  2.40513  3.72494  3.29354  2.67741  2.69355  4.24690  2.90347  2.73739  3.18146  2.89801  2.37887  2.77519  2.98518  4.58477  3.61503
          0.02420  4.12927  4.85162  0.61958  0.77255  0.48576  0.95510
      6   2.64614  5.01031  2.57727  2.08492  3.10962  3.39386  3.61538  3.74457  1.96119  3.28713  4.07122  2.88437  3.80891  2.53502  2.85379  2.63242  2.87966  3.37019  5.47135  4.09490      8 k - - -
          2.68618  4.42225  2.77519  2.73123  3.46354  2.40513  3.72494  3.29354  2.67741  2.69355  4.24690  2.90347  2.73739  3.18146  2.89801  2.37887  2.77519  2.98518  4.58477  3.61503
          0.02420  4.12927  4.85162  0.61958  0.77255  0.48576  0.95510
      7   2.87845  5.09789  3.22378  2.63970  4.51323  3.57084  3.64924  3.90227  1.45212  3.39070  4.21774  3.10219  3.96577  2.77939  1.97323  2.29463  3.08579  3.55025  5.49307  4.24217      9 k - - -
          2.68618  4.42225  2.77519  2.73123  3.46354  2.40513  3.72494  3.29354  2.67741  2.69355  4.24690  2.90347  2.73739  3.18146  2.89801  2.37887  2.77519  2.98518  4.58477  3.61503
          0.02420  4.12927  4.85162  0.61958  0.77255  0.48576  0.95510
      8   2.71615  4.54717  3.43904  2.84117  3.67243  3.61412  3.78067  3.00415  1.98958  1.91172  2.98773  3.26792  3.98595  3.02585  2.66512  2.87479  2.93651  2.79653  5.07219  3.83689     10 l - - -
          2.68618  4.42225  2.77519  2.73123  3.46354  2.40513  3.72494  3.29354  2.67741  2.69355  4.24690  2.90347  2.73739  3.18146  2.89801  2.37887  2.77519  2.98518  4.58477  3.61503
          0.02420  4.12927  4.85162  0.61958  0.77255  0.48576  0.95510
      9   3.60453  4.93305  4.59271  4.36281  0.66947  4.21959  4.01855  3.10474  4.26543  2.41843  3.80085  4.31874  4.67751  4.36397  4.32121  3.85629  3.90838  3.11318  4.20422  2.54428     11 F - - -
          2.68618  4.42225  2.77519  2.73123  3.46354  2.40513  3.72494  3.29354  2.67741  2.69355  4.24690  2.90347  2.73739  3.18146  2.89801  2.37887  2.77519  2.98518  4.58477  3.61503
          0.02420  4.12927  4.85162  0.61958  0.77255  0.48576  0.95510
     10   2.63013  4.41737  3.40349  2.83089  3.53775  3.57224  3.79315  2.73852  2.22287  1.95869  3.48689  3.25903  3.94961  2.86419  3.05478  2.81697  2.85869  2.51439  4.97173  3.42575     12 l - - -
          2.68618  4.42225  2.77519  2.73123  3.46354  2.40513  3.72494  3.29354  2.67741  2.69355  4.24690  2.90347  2.73739  3.18146  2.89801  2.37887  2.77519  2.98518  4.58477  3.61503
          0.02420  4.12927  4.85162  0.61958  0.77255  0.48576  0.95510
     11   2.82991  5.27622  2.44234  2.06429  4.60518  3.38810  3.68354  4.06700  1.44876  3.55734  4.35709  2.66566  3.87556  2.81464  2.84444  2.77247  3.07049  3.66569  5.69373  4.30293     13 k - - -
          2.68618  4.42225  2.77519  2.73123  3.46354  2.40513  3.72494  3.29354  2.67741  2.69355  4.24690  2.90347  2.73739  3.18146  2.89801  2.37887  2.77519  2.98518  4.58477  3.61503
          0.02420  4.12927  4.85162  0.61958  0.77255  0.48576  0.95510
     12   1.62729  4.84978  2.36629  2.42421  4.29081  3.30739  3.76477  3.72245  2.62675  3.31867  4.13726  2.93807  3.83270  2.72599  3.10232  2.31509  2.93727  3.34379  5.54373  4.18825     14 a - - -
          2.68618  4.42225  2.77519  2.73123  3.46354  2.40513  3.72494  3.29354  2.67741  2.69355  4.24690  2.90347  2.73739  3.18146  2.89801  2.37887  2.77519  2.98518  4.58477  3.61503
          0.02420  4.12927  4.85162  0.61958  0.77255  0.48576  0.95510
     13   3.00094  3.49983  4.56771  3.99435  3.15954  4.16362  4.51214  2.25998  3.84049  1.13913  2.19530  4.20012  4.46920  4.02132  3.98396  3.48918  3.23895  2.25470  5.01015  3.87622     15 l - - -
          2.68618  4.42225  2.77519  2.73123  3.46354  2.40513  3.72494  3.29354  2.67741  2.69355  4.24690  2.90347  2.73739  3.18146  2.89801  2.37887  2.77519  2.98518  4.58477  3.61503
          0.02420  4.12927  4.85162  0.61958  0.77255  0.48576  0.95510
     14   2.82250  5.25592  2.68855  1.80897  4.59939  3.41842  3.66052  4.05277  1.70678  3.53093  4.32628  2.50328  3.88028  2.61937  2.72849  2.77048  3.05358  3.65269  5.65339  4.28398     16 k - - -
          2.68618  4.42225  2.77519  2.73123  3.46354  2.40513  3.72494  3.29354  2.67741  2.69355  4.24690  2.90347  2.73739  3.18146  2.89801  2.37887  2.77519  2.98518  4.58477  3.61503
          0.02420  4.12927  4.85162  0.61958  0.77255  0.48576  0.95510
     15   2.63766  4.84431  2.98749  2.13044  4.09547  3.44149  3.63712  3.25781  2.03778  3.10137  3.91740  2.82242  3.83724  2.65871  2.81927  2.66564  2.86669  2.49448  5.33362  4.00494     17 k - - -
          2.68618  4.42225  2.77519  2.73123  3.46354  2.40513  3.72494  3.29354  2.67741  2.69355  4.24690  2.90347  2.73739  3.18146  2.89801  2.37887  2.77519  2.98518  4.58477  3.61503
          0.02420  4.12927  4.85162  0.61958  0.77255  0.48576  0.95510
     16   2.66762  5.02067  3.20068  2.77215  4.51808  3.53831  3.78881  3.83825  1.03469  3.41852  4.31942  3.20076  4.02471  2.94751  2.46523  2.97101  3.19478  3.51036  5.55981  4.33015     18 k - - -
          2.68618  4.42225  2.77519  2.73123  3.46354  2.40513  3.72494  3.29354  2.67741  2.69355  4.24690  2.90347  2.73739  3.18146  2.89801  2.37887  2.77519  2.98518  4.58477  3.61503
          0.02420  4.12927  4.85162  0.61958  0.77255  0.48576  0.95510
     17   3.60453  4.93305  4.59271  4.36281  0.66947  4.21959  4.01855  3.10474  4.26543  2.41843  3.80085  4.31874  4.67751  4.36397  4.32121  3.85629  3.90838  3.11318  4.20422  2.54428     19 F - - -
          2.68618  4.42225  2.77519  2.73123  3.46354  2.40513  3.72494  3.29354  2.67741  2.69355  4.24690  2.90347  2.73739  3.18146  2.89801  2.37887  2.77519  2.98518  4.58477  3.61503
          0.02420  4.12927  4.85162  0.61958  0.77255  0.48576  0.95510
     18   2.51091  5.05121  2.66412  2.07759  4.35577  3.09724  3.60933  3.81474  2.18977  3.34024  4.11261  2.86423  3.79913  2.52528  2.86391  2.50987  2.34359  3.42182  5.51186  4.12250     20 e - - -
          2.68618  4.42225  2.77519  2.73123  3.46354  2.40513  3.72494  3.29354  2.67741  2.69355  4.24690  2.90347  2.73739  3.18146  2.89801  2.37887  2.77519  2.98518  4.58477  3.61503
          0.02420  4.12927  4.85162  0.61958  0.77255  0.48576  0.95510
     19   2.77640  5.21104  2.68004  1.72155  4.54258  2.94926  3.65366  4.00081  2.01800  3.49342  4.28211  2.87238  3.85732  2.28148  2.79412  2.73004  3.01166  3.60017  5.63208  4.25013     21 e - - -
          2.68618  4.42225  2.77519  2.73123  3.46354  2.40513  3.72494  3.29354  2.67741  2.69355  4.24690  2.90347  2.73739  3.18146  2.89801  2.37887  2.77519  2.98518  4.58477  3.61503
          0.29867  4.12927  1.41839  0.61958  0.77255  0.48576  0.95510
     20   2.80210  5.27975  2.06330  1.53899  4.55929  3.21532  3.65593  4.04504  2.55651  3.56172  4.39274  2.68365  3.77981  2.43458  3.07574  2.72113  3.06845  3.64790  5.73097  4.28397     22 e - - -
          2.68633  4.42254  2.77540  2.73142  3.46309  2.40445  3.72496  3.29383  2.67743  2.69384  4.24672  2.90318  2.73769  3.18082  2.89830  2.37885  2.77515  2.98548  4.58506  3.61498
          0.39797  1.14536  4.58467  1.78021  0.18465  0.35869  1.19928
     21   2.98005  5.51316  1.14489  1.99904  4.83777  3.27804  3.83356  4.35059  2.85409  3.86176  4.71071  2.75492  3.90229  3.00136  3.44889  2.43583  3.27616  3.92105  6.02918  4.52638     32 d - - -
          2.68618  4.42225  2.77519  2.73123  3.46354  2.40513  3.72494  3.29354  2.67741  2.69355  4.24690  2.90347  2.73739  3.18146  2.89801  2.37887  2.77519  2.98518  4.58477  3.61503
          0.02420  4.12927  4.85162  0.61958  0.77255  0.48576  0.95510
     22   2.78065  4.33349  3.96765  3.41813  3.42277  3.84835  4.21770  1.76389  3.32095  2.08141  3.33638  3.74226  2.28475  3.61494  3.60186  3.14855  3.03384  1.97678  5.06554  3.85642     33 i - - -
          2.68618  4.42225  2.77519  2.73123  3.46354  2.40513  3.72494  3.29354  2.67741  2.69355  4.24690  2.90347  2.73739  3.18146  2.89801  2.37887  2.77519  2.98518  4.58477  3.61503
          0.02420  4.12927  4.85162  0.61958  0.77255  0.48576  0.95510
     23   2.50433  4.90810  2.96502  2.34802  4.18956  3.43649  3.63121  3.61018  2.20477  3.18109  3.98745  2.95637  3.83841  2.55316  2.58628  2.54937  2.05779  3.26802  5.38796  4.05416     34 t - - -
          2.68618  4.42225  2.77519  2.73123  3.46354  2.40513  3.72494  3.29354  2.67741  2.69355  4.24690  2.90347  2.73739  3.18146  2.89801  2.37887  2.77519  2.98518  4.58477  3.61503
          0.02420  4.12927  4.85162  0.61958  0.77255  0.48576  0.95510
     24   2.79387  5.29351  1.94479  1.92496  4.60627  2.62140  3.70186  4.09495  2.57149  3.59608  4.38608  2.79441  3.84194  2.65640  3.10534  2.13912  3.05097  3.67539  5.75687  4.31373     35 e - - -
          2.68618  4.42225  2.77519  2.73123  3.46354  2.40513  3.72494  3.29354  2.67741  2.69355  4.24690  2.90347  2.73739  3.18146  2.89801  2.37887  2.77519  2.98518  4.58477  3.61503
          0.02420  4.12927  4.85162  0.61958  0.77255  0.48576  0.95510
     25   2.64021  4.97384  2.66994  2.37982  4.26347  3.41286  3.60990  3.70157  1.78059  3.24976  3.24562  2.77444  3.81446  2.57988  2.79499  2.63525  2.73411  3.33536  5.43750  4.07750     36 k - - -
          2.68618  4.42225  2.77519  2.73123  3.46354  2.40513  3.72494  3.29354  2.67741  2.69355  4.24690  2.90347  2.73739  3.18146  2.89801  2.37887  2.77519  2.98518  4.58477  3.61503
          0.02420  4.12927  4.85162  0.61958  0.77255  0.48576  0.95510
     26   2.64692  4.80524  3.04568  2.36480  4.04340  3.46223  3.37191  3.45294  2.26727  3.05620  3.88107  3.00024  3.85262  2.80303  2.51998  2.68764  2.05848  3.14080  5.29352  3.29143     37 t - - -
          2.68618  4.42225  2.77519  2.73123  3.46354  2.40513  3.72494  3.29354  2.67741  2.69355  4.24690  2.90347  2.73739  3.18146  2.89801  2.37887  2.77519  2.98518  4.58477  3.61503
          0.02420  4.12927  4.85162  0.61958  0.77255  0.48576  0.95510
     27   2.30055  4.57383  3.14725  2.35202  3.80722  3.45572  3.72991  2.91942  2.59657  2.84568  3.70485  2.91500  3.86846  2.93870  3.01956  2.69802  2.09140  2.68472  5.16370  3.87740     38 t - - -
          2.68618  4.42225  2.77519  2.73123  3.46354  2.40513  3.72494  3.29354  2.67741  2.69355  4.24690  2.90347  2.73739  3.18146  2.89801  2.37887  2.77519  2.98518  4.58477  3.61503
          0.02420  4.12927  4.85162  0.61958  0.77255  0.48576  0.95510
     28   2.70048  5.09873  2.82720  2.09655  4.42379  3.41361  3.61741  3.87315  1.74018  3.38209  4.16234  2.74546  3.40382  2.60143  2.74177  2.67338  2.63467  3.48212  5.53309  4.16514     39 k - - -
          2.68618  4.42225  2.77519  2.73123  3.46354  2.40513  3.72494  3.29354  2.67741  2.69355  4.24690  2.90347  2.73739  3.18146  2.89801  2.37887  2.77519  2.98518  4.58477  3.61503
          0.02420  4.12927  4.85162  0.61958  0.77255  0.48576  0.95510
     29   3.80389  4.99113  4.79042  4.51426  1.05437  4.52127  3.52438  3.45900  4.34878  2.76048  4.04526  4.18602  4.82066  4.26395  4.34084  3.89895  4.02250  3.39258  3.64724  1.23949     40 f - - -
          2.68618  4.42225  2.77519  2.73123  3.46354  2.40513  3.72494  3.29354  2.67741  2.69355  4.24690  2.90347  2.73739  3.18146  2.89801  2.37887  2.77519  2.98518  4.58477  3.61503
          0.02420  4.12927  4.85162  0.61958  0.77255  0.48576  0.95510
     30   2.80171  4.49690  3.59196  3.05614  2.95802  3.71311  3.32687  3.00630  2.60592  2.16955  3.59862  3.41310  4.08914  3.24770  3.13584  2.99231  3.02765  2.79536  4.50830  1.75055     41 y - - -
          2.68618  4.42225  2.77519  2.73123  3.46354  2.40513  3.72494  3.29354  2.67741  2.69355  4.24690  2.90347  2.73739  3.18146  2.89801  2.37887  2.77519  2.98518  4.58477  3.61503
          0.02420  4.12927  4.85162  0.61958  0.77255  0.48576  0.95510
     31   2.65075  3.51746  3.16288  2.58636  3.95764  3.48722  3.67652  3.34277  2.15752  2.97339  3.81596  2.74955  3.87878  2.85362  2.06044  2.72213  2.88044  2.70475  5.23408  3.94779     42 r - - -
          2.68618  4.42225  2.77519  2.73123  3.46354  2.40513  3.72494  3.29354  2.67741  2.69355  4.24690  2.90347  2.73739  3.18146  2.89801  2.37887  2.77519  2.98518  4.58477  3.61503
          0.02420  4.12927  4.85162  0.61958  0.77255  0.48576  0.95510
     32   3.02084  4.41164  4.50885  3.95872  2.09564  4.12509  4.10665  2.52214  3.81880  1.31188  2.84489  4.07959  4.42602  3.94742  3.93664  3.43570  3.24474  2.51438  4.46358  2.38182     43 l - - -
          2.68618  4.42225  2.77519  2.73123  3.46354  2.40513  3.72494  3.29354  2.67741  2.69355  4.24690  2.90347  2.73739  3.18146  2.89801  2.37887  2.77519  2.98518  4.58477  3.61503
          0.02420  4.12927  4.85162  0.61958  0.77255  0.48576  0.95510
     33   2.58328  4.58618  2.94931  2.84212  4.52509  1.00781  4.19176  4.08051  3.15516  3.71377  4.57056  2.54707  3.87639  3.44357  3.52301  2.69987  3.03874  3.54833  5.79480  4.51523     44 g - - -
          2.68618  4.42225  2.77519  2.73123  3.46354  2.40513  3.72494  3.29354  2.67741  2.69355  4.24690  2.90347  2.73739  3.18146  2.89801  2.37887  2.77519  2.98518  4.58477  3.61503
          0.28955  4.12927  1.44689  0.61958  0.77255  0.48576  0.95510
     34   2.66318  4.43880  3.33670  3.23590  4.37834  0.73112  4.35631  3.97760  3.41701  3.63190  4.60759  3.50098  3.82990  3.74126  3.65324  2.83505  3.14431  3.50616  5.47389  4.48018     45 g - - -
          2.68618  4.42225  2.77519  2.73123  3.46354  2.40513  3.72494  3.29354  2.67741  2.69355  4.24690  2.90347  2.73739  3.18146  2.89801  2.37887  2.77519  2.98518  4.58477  3.61503
          0.03144  3.87117  4.59351  0.61958  0.77255  0.36143  1.19297
     35   2.64112  4.28160  3.72801  3.18938  3.24129  3.60602  3.92779  2.73967  3.06432  2.43744  3.41256  3.50017  2.59821  3.38311  3.34382  2.91184  2.90471  2.08756  2.37312  3.44451     46 v - - -
          2.68618  4.42225  2.77519  2.73123  3.46354  2.40513  3.72494  3.29354  2.67741  2.69355  4.24690  2.90347  2.73739  3.18146  2.89801  2.37887  2.77519  2.98518  4.58477  3.61503
          0.02420  4.12927  4.85162  0.61958  0.77255  0.48576  0.95510
     36   2.57472  5.11243  2.52687  2.00720  4.44041  3.39235  3.60000  3.90486  2.02123  3.40239  4.16646  2.86763  3.80723  2.71081  2.32106  2.63197  2.75136  3.49538  5.54681  4.15796     47 e - - -
          2.68618  4.42225  2.77519  2.73123  3.46354  2.40513  3.72494  3.29354  2.67741  2.69355  4.24690  2.90347  2.73739  3.18146  2.89801  2.37887  2.77519  2.98518  4.58477  3.61503
          0.02420  4.12927  4.85162  0.61958  0.77255  0.48576  0.95510
     37   3.11382  5.09030  3.10124  2.86847  4.29196  3.55463  4.02607  3.97083  2.67305  3.44646  4.47516  3.32744  4.11690  0.83771  2.94859  3.15444  3.41439  3.68677  5.52128  4.23595     48 q - - -
          2.68618  4.42225  2.77519  2.73123  3.46354  2.40513  3.72494  3.29354  2.67741  2.69355  4.24690  2.90347  2.73739  3.18146  2.89801  2.37887  2.77519  2.98518  4.58477  3.61503
          0.02420  4.12927  4.85162  0.61958  0.77255  0.48576  0.95510
     38   2.78261  5.16266  1.89031  2.27698  4.59871  3.28189  3.78453  4.09289  2.70205  3.62658  4.43885  2.36079  3.85443  2.93909  3.23290  1.65532  3.08067  3.66315  5.79666  4.36416     49 s - - -
          2.68618  4.42225  2.77519  2.73123  3.46354  2.40513  3.72494  3.29354  2.67741  2.69355  4.24690  2.90347  2.73739  3.18146  2.89801  2.37887  2.77519  2.98518  4.58477  3.61503
          0.02420  4.12927  4.85162  0.61958  0.77255  0.48576  0.95510
     39   2.03297  4.91546  2.80328  2.11680  4.24826  3.37933  3.69240  3.66788  2.32560  3.25320  4.06839  2.93450  2.46461  2.84236  2.92554  2.68671  2.92886  3.31492  5.47140  4.12373     50 a - - -
          2.68618  4.42225  2.77519  2.73123  3.46354  2.40513  3.72494  3.29354  2.67741  2.69355  4.24690  2.90347  2.73739  3.18146  2.89801  2.37887  2.77519  2.98518  4.58477  3.61503
          0.02420  4.12927  4.85162  0.61958  0.77255  0.48576  0.95510
     40   2.89204  4.90615  3.44543  2.91958  4.41764  3.53333  3.80214  3.86945  2.19038  3.40534  4.29478  3.28883  4.02896  2.97493  1.08423  2.60508  3.17039  3.51993  5.48190  4.25704     51 r - - -
          2.68618  4.42225  2.77519  2.73123  3.46354  2.40513  3.72494  3.29354  2.67741  2.69355  4.24690  2.90347  2.73739  3.18146  2.89801  2.37887  2.77519  2.98518  4.58477  3.61503
          0.02420  4.12927  4.85162  0.61958  0.77255  0.48576  0.95510
     41   3.22695  5.18317  3.41883  3.00199  4.62912  3.67936  3.92972  4.07682  0.73324  3.58950  4.54454  3.41216  4.16767  3.11196  2.51679  3.25652  3.46468  3.77286  5.58336  4.43713     52 k - - -
          2.68618  4.42225  2.77519  2.73123  3.46354  2.40513  3.72494  3.29354  2.67741  2.69355  4.24690  2.90347  2.73739  3.18146  2.89801  2.37887  2.77519  2.98518  4.58477  3.61503
          0.02420  4.12927  4.85162  0.61958  0.77255  0.48576  0.95510
     42   2.46690  4.51049  3.25220  2.68313  3.68572  3.51218  3.72993  3.05123  2.49338  2.58473  3.17606  3.14549  3.89574  2.87578  2.33662  2.74266  2.59271  2.44487  5.06247  3.79717     53 r - - -
          2.68618  4.42225  2.77519  2.73123  3.46354  2.40513  3.72494  3.29354  2.67741  2.69355  4.24690  2.90347  2.73739  3.18146  2.89801  2.37887  2.77519  2.98518  4.58477  3.61503
          0.02420  4.12927  4.85162  0.61958  0.77255  0.48576  0.95510
     43   2.66217  5.26614  2.45323  1.17760  4.59623  3.34625  3.78035  4.03990  2.61464  3.58576  4.43856  2.85327  3.90539  2.71134  3.07402  2.83928  3.16487  3.66412  5.77511  4.36799     54 e - - -
          2.68618  4.42225  2.77519  2.73123  3.46354  2.40513  3.72494  3.29354  2.67741  2.69355  4.24690  2.90347  2.73739  3.18146  2.89801  2.37887  2.77519  2.98518  4.58477  3.61503
          0.02420  4.12927  4.85162  0.61958  0.77255  0.48576  0.95510
     44   3.23203  4.61025  4.66623  4.15216  1.48694  4.32956  4.34863  2.44146  4.00455  1.68316  1.96501  4.30371  4.60858  4.12883  4.12416  3.67801  3.46611  2.52347  4.65274  3.21698     55 f - - -
          2.68618  4.42225  2.77519  2.73123  3.46354  2.40513  3.72494  3.29354  2.67741  2.69355  4.24690  2.90347  2.73739  3.18146  2.89801  2.37887  2.77519  2.98518  4.58477  3.61503
          0.02420  4.12927  4.85162  0.61958  0.77255  0.48576  0.95510
     45   2.58544  4.32561  3.20820  2.86419  3.46511  3.55566  3.80403  2.40755  2.65219  2.53507  2.84580  3.27811  3.93540  2.89710  2.98796  2.79870  2.81687  2.21112  4.90432  3.39682     56 v - - -
          2.68618  4.42225  2.77519  2.73123  3.46354  2.40513  3.72494  3.29354  2.67741  2.69355  4.24690  2.90347  2.73739  3.18146  2.89801  2.37887  2.77519  2.98518  4.58477  3.61503
          0.02420  4.12927  4.85162  0.61958  0.77255  0.48576  0.95510
     46   2.87363  5.27960  2.66174  1.67405  4.62893  3.42548  3.68762  4.07492  1.62631  3.55892  4.37069  2.69662  3.90623  2.82051  2.72248  2.81989  3.10761  3.68406  5.67866  4.31898     57 k - - -
          2.68618  4.42225  2.77519  2.73123  3.46354  2.40513  3.72494  3.29354  2.67741  2.69355  4.24690  2.90347  2.73739  3.18146  2.89801  2.37887  2.77519  2.98518  4.58477  3.61503
          0.02420  4.12927  4.85162  0.61958  0.77255  0.48576  0.95510
     47   1.79121  4.44149  3.29507  2.47465  3.31660  3.52058  3.77934  2.93793  2.72527  2.65359  3.54785  3.20023  3.91753  3.05136  3.11551  2.76746  2.84096  2.54943  5.00619  3.33780     58 a - - -
          2.68618  4.42225  2.77519  2.73123  3.46354  2.40513  3.72494  3.29354  2.67741  2.69355  4.24690  2.90347  2.73739  3.18146  2.89801  2.37887  2.77519  2.98518  4.58477  3.61503
          0.02420  4.12927  4.85162  0.61958  0.77255  0.48576  0.95510
     48   1.51888  4.22185  3.49349  3.23081  4.44802  1.48161  4.32564  3.86949  3.33233  3.55388  4.36587  3.36966  3.74768  3.59578  3.64830  2.11054  2.76891  3.27991  5.78160  4.57658     59 g - - -
          2.68618  4.42225  2.77519  2.73123  3.46354  2.40513  3.72494  3.29354  2.67741  2.69355  4.24690  2.90347  2.73739  3.18146  2.89801  2.37887  2.77519  2.98518  4.58477  3.61503
          0.02420  4.12927  4.85162  0.61958  0.77255  0.48576  0.95510
     49   2.81796  5.08464  3.17330  2.46877  4.43633  3.55272  3.61822  3.83450  1.47436  3.33419  3.50466  3.05031  3.92619  2.40349  2.23183  2.81077  3.01960  3.48428  5.46013  4.18202     60 k - - -
          2.68618  4.42225  2.77519  2.73123  3.46354  2.40513  3.72494  3.29354  2.67741  2.69355  4.24690  2.90347  2.73739  3.18146  2.89801  2.37887  2.77519  2.98518  4.58477  3.61503
          0.02420  4.12927  4.85162  0.61958  0.77255  0.48576  0.95510
     50   2.49890  5.22749  2.40898  1.65590  4.54391  3.35923  3.67037  4.01251  1.92814  3.51813  4.30495  2.83131  3.84121  2.79795  2.94880  2.71250  3.01031  3.60547  5.67333  4.26105     61 e - - -
          2.68618  4.42225  2.77519  2.73123  3.46354  2.40513  3.72494  3.29354  2.67741  2.69355  4.24690  2.90347  2.73739  3.18146  2.89801  2.37887  2.77519  2.98518  4.58477  3.61503
          0.02420  4.12927  4.85162  0.61958  0.77255  0.48576  0.95510
     51   3.24008  4.52183  4.99791  4.47000  3.45185  4.62927  5.09512  1.13903  4.35180  1.58665  3.24172  4.68983  4.86323  4.54275  4.50587  4.00295  3.48513  1.59585  5.48238  4.33772     62 i - - -
          2.68618  4.42225  2.77519  2.73123  3.46354  2.40513  3.72494  3.29354  2.67741  2.69355  4.24690  2.90347  2.73739  3.18146  2.89801  2.37887  2.77519  2.98518  4.58477  3.61503
          0.02420  4.12927  4.85162  0.61958  0.77255  0.48576  0.95510
     52   1.75943  4.59381  3.15394  2.21377  3.83309  3.48448  3.79059  2.77064  2.64505  2.70578  3.72877  3.13698  3.91413  3.00290  3.05238  2.75674  2.89077  2.77866  5.21880  3.93307     63 a - - -
          2.68618  4.42225  2.77519  2.73123  3.46354  2.40513  3.72494  3.29354  2.67741  2.69355  4.24690  2.90347  2.73739  3.18146  2.89801  2.37887  2.77519  2.98518  4.58477  3.61503
          0.02420  4.12927  4.85162  0.61958  0.77255  0.48576  0.95510
     53   2.53518  4.94451  2.87026  1.71427  4.22837  3.10638  3.63765  3.65145  2.18738  3.22298  3.40205  2.92317  3.82868  2.77396  2.84067  2.66037  2.89176  3.30039  5.43046  4.07811     64 e - - -
          2.68618  4.42225  2.77519  2.73123  3.46354  2.40513  3.72494  3.29354  2.67741  2.69355  4.24690  2.90347  2.73739  3.18146  2.89801  2.37887  2.77519  2.98518  4.58477  3.61503
          0.02420  4.12927  4.85162  0.61958  0.77255  0.48576  0.95510
     54   2.84361  5.31076  2.17926  2.06973  4.63468  3.37169  3.69861  4.10298  1.46406  3.59480  4.39674  2.84041  3.87534  2.83223  2.91500  2.77908  3.08955  3.69668  5.73322  4.32709     65 k - - -
          2.68618  4.42225  2.77519  2.73123  3.46354  2.40513  3.72494  3.29354  2.67741  2.69355  4.24690  2.90347  2.73739  3.18146  2.89801  2.37887  2.77519  2.98518  4.58477  3.61503
          0.02420  4.12927  4.85162  0.61958  0.77255  0.48576  0.95510
     55   3.31875  5.12440  3.83783  3.30456  4.54549  3.74708  4.04385  4.11191  2.38585  3.58128  4.58134  3.64110  4.24315  3.25719  0.64839  3.39468  3.57100  3.82634  5.52776  4.42433     66 R - - -
          2.68619  4.42226  2.77521  2.73124  3.46355  2.40501  3.72496  3.29355  2.67742  2.69356  4.24691  2.90348  2.73741  3.18147  2.89802  2.37888  2.77521  2.98519  4.58478  3.61504
          0.09693  2.47023  4.85162  0.39669  1.11641  0.48576  0.95510
     56   3.01675  4.75873  3.74248  3.67830  4.80077  0.42390  4.77530  4.47036  3.89407  4.08950  5.07280  3.90782  4.15747  4.19838  4.09467  3.19723  3.51789  3.94896  5.82037  4.91397     68 G - - -
          2.68618  4.42225  2.77519  2.73123  3.46354  2.40513  3.72494  3.29354  2.67741  2.69355  4.24690  2.90347  2.73739  3.18146  2.89801  2.37887  2.77519  2.98518  4.58477  3.61503
          0.02420  4.12927  4.85162  0.61958  0.77255  0.48576  0.95510
     57   3.23462  4.54389  4.94486  4.37795  2.78943  4.52679  4.84500  1.26919  4.25405  1.41186  2.67046  4.57821  4.73620  4.34955  4.35193  3.86938  3.45976  2.10430  5.17338  4.05915     69 i - - -
          2.68618  4.42225  2.77519  2.73123  3.46354  2.40513  3.72494  3.29354  2.67741  2.69355  4.24690  2.90347  2.73739  3.18146  2.89801  2.37887  2.77519  2.98518  4.58477  3.61503
          0.02420  4.12927  4.85162  0.61958  0.77255  0.48576  0.95510
     58   1.95309  4.32678  3.43273  2.95527  4.01211  3.19054  4.00592  3.36655  2.93545  3.07401  3.92359  3.26820  2.05387  3.25151  3.30813  2.19821  2.51555  2.58433  5.37836  4.13363     70 a - - -
          2.68618  4.42225  2.77519  2.73123  3.46354  2.40513  3.72494  3.29354  2.67741  2.69355  4.24690  2.90347  2.73739  3.18146  2.89801  2.37887  2.77519  2.98518  4.58477  3.61503
          0.02420  4.12927  4.85162  0.61958  0.77255  0.48576  0.95510
     59   2.62006  4.24722  3.65800  3.10929  2.34078  2.67889  3.89908  2.69543  3.03013  2.37056  2.47182  3.45248  4.01206  3.08067  3.32609  2.89774  2.86058  2.50289  4.78747  3.52485     71 f - - -
          2.68618  4.42225  2.77519  2.73123  3.46354  2.40513  3.72494  3.29354  2.67741  2.69355  4.24690  2.90347  2.73739  3.18146  2.89801  2.37887  2.77519  2.98518  4.58477  3.61503
          0.02420  4.12927  4.85162  0.61958  0.77255  0.48576  0.95510
     60   3.20177  4.69387  4.15457  3.71459  2.43323  4.06952  3.76037  2.98452  3.50451  2.45428  3.01392  3.86096  4.44671  3.78512  3.70078  3.42314  3.44901  2.89005  4.10109  1.05083     72 y - - -
          2.68618  4.42225  2.77519  2.73123  3.46354  2.40513  3.72494  3.29354  2.67741  2.69355  4.24690  2.90347  2.73739  3.18146  2.89801  2.37887  2.77519  2.98518  4.58477  3.61503
          0.02420  4.12927  4.85162  0.61958  0.77255  0.48576  0.95510
     61   2.95440  5.37556  1.91915  2.24358  4.71847  3.28741  3.86525  4.28822  2.86627  3.82208  4.68113  1.23227  3.91431  3.04440  3.42288  2.87897  3.26493  3.86193  5.93635  4.46238     73 n - - -
          2.68618  4.42225  2.77519  2.73123  3.46354  2.40513  3.72494  3.29354  2.67741  2.69355  4.24690  2.90347  2.73739  3.18146  2.89801  2.37887  2.77519  2.98518  4.58477  3.61503
          0.02420  4.12927  4.85162  0.61958  0.77255  0.48576  0.95510
     62   2.86774  4.89464  2.85048  2.33870  4.44154  3.36965  4.04210  3.88103  2.89274  3.51108  4.42800  3.16966  1.07098  3.26513  3.26423  2.92919  3.21795  3.52028  5.66694  4.40758     74 p - - -
          2.68618  4.42225  2.77519  2.73123  3.46354  2.40513  3.72494  3.29354  2.67741  2.69355  4.24690  2.90347  2.73739  3.18146  2.89801  2.37887  2.77519  2.98518  4.58477  3.61503
          0.02420  4.12927  4.85162  0.61958  0.77255  0.48576  0.95510
     63   2.64648  4.80934  2.10996  2.27861  4.00772  3.42693  3.67287  3.42757  2.50622  3.04542  2.61898  2.96328  3.84611  2.84108  2.96677  2.68444  2.88260  3.12254  5.30698  3.48595     75 d - - -
          2.68619  4.42226  2.77520  2.73124  3.46355  2.40514  3.72495  3.29355  2.67742  2.69356  4.24690  2.90347  2.73740  3.18147  2.89784  2.37888  2.77520  2.98519  4.58478  3.61504
          0.08187  2.64804  4.85162  0.42743  1.05609  0.48576  0.95510
     64   2.58254  4.31375  4.52226  3.96132  3.37436  4.15453  4.54793  1.61830  3.84612  2.04593  2.17081  4.17453  4.47883  4.06243  4.02369  3.47768  3.17152  1.61863  5.13389  3.96521     77 i - - -
          2.68618  4.42225  2.77519  2.73123  3.46354  2.40513  3.72494  3.29354  2.67741  2.69355  4.24690  2.90347  2.73739  3.18146  2.89801  2.37887  2.77519  2.98518  4.58477  3.61503
          0.29867  4.12927  1.41839  0.61958  0.77255  0.48576  0.95510
     65   2.98393  4.80307  3.11597  2.87495  3.27775  3.43904  1.16408  3.68528  2.71828  3.18049  4.22269  3.28467  3.99104  3.24107  2.98457  3.05472  3.28697  3.42060  4.74293  3.22891     78 h - - -
          2.68618  4.42225  2.77519  2.73123  3.46354  2.40513  3.72494  3.29354  2.67741  2.69355  4.24690  2.90347  2.73739  3.18146  2.89801  2.37887  2.77519  2.98518  4.58477  3.61503
          0.03172  3.86233  4.58467  0.61958  0.77255  0.72994  0.65766
     66   2.30955  3.17744  3.64131  3.08624  3.34891  3.45316  3.89447  2.57476  3.00045  2.19590  3.01373  3.39434  3.90245  3.29207  3.29399  2.48159  2.62283  2.35655  4.83525  3.62124     79 l - - -
          2.68621  4.42228  2.77522  2.73126  3.46357  2.40483  3.72497  3.29357  2.67743  2.69358  4.24692  2.90349  2.73742  3.18149  2.89803  2.37889  2.77522  2.98521  4.58480  3.61506
          0.28657  1.43145  4.58467  0.26253  1.46579  0.35869  1.19928
     67   3.01675  4.75873  3.74248  3.67830  4.80077  0.42390  4.77530  4.47036  3.89407  4.08950  5.07280  3.90782  4.15747  4.19838  4.09467  3.19723  3.51789  3.94896  5.82037  4.91397     81 G - - -
          2.68618  4.42225  2.77519  2.73123  3.46354  2.40513  3.72494  3.29354  2.67741  2.69355  4.24690  2.90347  2.73739  3.18146  2.89801  2.37887  2.77519  2.98518  4.58477  3.61503
          0.02420  4.12927  4.85162  0.61958  0.77255  0.48576  0.95510
     68   2.18502  4.20679  3.97328  3.42668  3.45505  3.69602  4.16771  1.83675  3.34129  2.41892  3.40457  3.69208  4.13186  3.61177  3.60133  2.81481  2.56749  1.76382  5.00404  3.79624     82 v - - -
          2.68618  4.42225  2.77519  2.73123  3.46354  2.40513  3.72494  3.29354  2.67741  2.69355  4.24690  2.90347  2.73739  3.18146  2.89801  2.37887  2.77519  2.98518  4.58477  3.61503
          0.02420  4.12927  4.85162  0.61958  0.77255  0.48576  0.95510
     69   3.12976  4.83581  3.76589  3.64753  4.60805  3.50919  4.69716  4.22823  3.72857  3.82345  4.88926  3.92481  0.46391  4.10919  3.93824  3.30696  3.59287  3.84267  5.71587  4.73460     83 P - - -
          2.68618  4.42225  2.77519  2.73123  3.46354  2.40513  3.72494  3.29354  2.67741  2.69355  4.24690  2.90347  2.73739  3.18146  2.89801  2.37887  2.77519  2.98518  4.58477  3.61503
          0.02420  4.12927  4.85162  0.61958  0.77255  0.48576  0.95510
     70   3.42729  4.77600  4.87960  4.34319  3.09977  4.61590  4.90542  2.26260  4.12541  0.75002  2.49471  4.62123  4.80904  4.30125  4.25502  3.99256  3.65565  2.41766  5.21097  4.11033     84 l - - -
          2.68618  4.42225  2.77519  2.73123  3.46354  2.40513  3.72494  3.29354  2.67741  2.69355  4.24690  2.90347  2.73739  3.18146  2.89801  2.37887  2.77519  2.98518  4.58477  3.61503
          0.02420  4.12927  4.85162  0.61958  0.77255  0.48576  0.95510
     71   3.01675  4.75873  3.74248  3.67830  4.80077  0.42390  4.77530  4.47036  3.89407  4.08950  5.07280  3.90782  4.15747  4.19838  4.09467  3.19723  3.51789  3.94896  5.82037  4.91397     85 G - - -
          2.68618  4.42225  2.77519  2.73123  3.46354  2.40513  3.72494  3.29354  2.67741  2.69355  4.24690  2.90347  2.73739  3.18146  2.89801  2.37887  2.77519  2.98518  4.58477  3.61503
          0.02420  4.12927  4.85162  0.61958  0.77255  0.48576  0.95510
     72   3.11382  5.09030  3.10124  2.86847  4.29196  3.55463  4.02607  3.97083  2.67305  3.44646  4.47516  3.32744  4.11690  0.83771  2.94859  3.15444  3.41439  3.68677  5.52128  4.23595     86 q - - -
          2.68618  4.42225  2.77519  2.73123  3.46354  2.40513  3.72494  3.29354  2.67741  2.69355  4.24690  2.90347  2.73739  3.18146  2.89801  2.37887  2.77519  2.98518  4.58477  3.61503
          0.02420  4.12927  4.85162  0.61958  0.77255  0.48576  0.95510
     73   3.31875  5.12440  3.83783  3.30456  4.54549  3.74708  4.04385  4.11191  2.38585  3.58128  4.58134  3.64110  4.24315  3.25719  0.64839  3.39468  3.57100  3.82634  5.52776  4.42433     87 R - - -
          2.68618  4.42225  2.77519  2.73123  3.46354  2.40513  3.72494  3.29354  2.67741  2.69355  4.24690  2.90347  2.73739  3.18146  2.89801  2.37887  2.77519  2.98518  4.58477  3.61503
          0.02420  4.12927  4.85162  0.61958  0.77255  0.48576  0.95510
     74   2.00642  4.78284  3.01791  2.48874  4.08005  3.41811  3.66577  3.48615  2.15428  3.09282  3.91272  2.99243  3.83587  2.44567  2.85587  2.50165  2.72325  2.96526  5.33229  4.01193     88 a - - -
          2.68618  4.42225  2.77519  2.73123  3.46354  2.40513  3.72494  3.29354  2.67741  2.69355  4.24690  2.90347  2.73739  3.18146  2.89801  2.37887  2.77519  2.98518  4.58477  3.61503
          0.02420  4.12927  4.85162  0.61958  0.77255  0.48576  0.95510
     75   3.05109  4.43148  4.62419  4.04816  3.01833  4.21887  4.43134  1.82217  3.87465  1.11338  2.99883  4.22828  4.49500  4.03624  3.99326  3.53858  3.27585  2.34813  3.64530  3.61342     89 l - - -
          2.68618  4.42225  2.77519  2.73123  3.46354  2.40513  3.72494  3.29354  2.67741  2.69355  4.24690  2.90347  2.73739  3.18146  2.89801  2.37887  2.77519  2.98518  4.58477  3.61503
          0.02420  4.12927  4.85162  0.61958  0.77255  0.48576  0.95510
     76   2.71805  4.32242  3.94669  3.41289  3.42870  3.71946  4.20495  2.43424  3.29083  2.20216  1.89606  3.70296  4.16283  3.59597  3.55873  3.04749  2.09169  2.14450  5.06949  3.87448     90 m - - -
          2.68618  4.42225  2.77519  2.73123  3.46354  2.40513  3.72494  3.29354  2.67741  2.69355  4.24690  2.90347  2.73739  3.18146  2.89801  2.37887  2.77519  2.98518  4.58477  3.61503
          0.02420  4.12927  4.85162  0.61958  0.77255  0.48576  0.95510
     77   2.18307  4.30635  3.37861  3.06183  4.30147  3.07577  4.17264  3.66910  3.10089  3.37251  4.21240  3.30461  1.38887  3.42145  3.43810  2.31503  2.39122  3.18706  5.63889  4.40667     91 p - - -
          2.68618  4.42225  2.77519  2.73123  3.46354  2.40513  3.72494  3.29354  2.67741  2.69355  4.24690  2.90347  2.73739  3.18146  2.89801  2.37887  2.77519  2.98518  4.58477  3.61503
          0.02420  4.12927  4.85162  0.61958  0.77255  0.48576  0.95510
     78   2.94761  4.64428  3.63203  3.30493  2.64709  3.69781  3.75134  3.32125  3.23523  2.90107  3.94301  3.55893  4.20779  3.55846  3.49774  2.47268  3.25953  3.09534  4.26627  1.13424     92 y - - -
          2.68618  4.42225  2.77519  2.73123  3.46354  2.40513  3.72494  3.29354  2.67741  2.69355  4.24690  2.90347  2.73739  3.18146  2.89801  2.37887  2.77519  2.98518  4.58477  3.61503
          0.02420  4.12927  4.85162  0.61958  0.77255  0.48576  0.95510
     79   2.63610  4.87341  2.96858  2.28146  3.36240  3.43376  3.62897  3.55125  2.04186  3.13455  3.94404  2.95337  3.83033  2.32073  2.81307  2.65584  2.43857  3.21728  5.35549  4.01867     93 k - - -
          2.68618  4.42225  2.77519  2.73123  3.46354  2.40513  3.72494  3.29354  2.67741  2.69355  4.24690  2.90347  2.73739  3.18146  2.89801  2.37887  2.77519  2.98518  4.58477  3.61503
          0.02420  4.12927  4.85162  0.61958  0.77255  0.48576  0.95510
     80   3.20506  4.49479  4.95998  4.42354  3.43500  4.57859  5.02825  1.55930  4.31075  1.43373  3.23031  4.63683  4.81938  4.49286  4.46080  3.94267  3.44778  1.31377  5.43282  4.29272     94 v - - -
          2.68618  4.42225  2.77519  2.73123  3.46354  2.40513  3.72494  3.29354  2.67741  2.69355  4.24690  2.90347  2.73739  3.18146  2.89801  2.37887  2.77519  2.98518  4.58477  3.61503
          0.02420  4.12927  4.85162  0.61958  0.77255  0.48576  0.95510
     81   2.46132  4.38094  3.45212  3.28812  4.34448  3.10717  4.38651  3.90611  3.37976  3.60900  4.51827  3.46516  3.86884  3.70983  3.65194  0.76059  2.96215  3.38343  5.69750  4.43180     95 s - - -
          2.68618  4.42225  2.77519  2.73123  3.46354  2.40513  3.72494  3.29354  2.67741  2.69355  4.24690  2.90347  2.73739  3.18146  2.89801  2.37887  2.77519  2.98518  4.58477  3.61503
          0.02420  4.12927  4.85162  0.61958  0.77255  0.48576  0.95510
     82   2.58144  4.71075  2.91493  2.53067  4.18695  1.91932  3.25552  3.61794  2.61424  3.22617  4.04849  2.71477  3.82770  2.95448  3.05234  2.44555  2.40138  3.24518  5.45830  4.13420     96 g - - -
          2.68618  4.42225  2.77519  2.73123  3.46354  2.40513  3.72494  3.29354  2.67741  2.69355  4.24690  2.90347  2.73739  3.18146  2.89801  2.37887  2.77519  2.98518  4.58477  3.61503
          0.02420  4.12927  4.85162  0.61958  0.77255  0.48576  0.95510
     83   2.47990  4.42153  3.24546  2.98952  4.20053  3.17454  4.13078  3.54288  3.01678  3.30691  4.19867  2.81869  3.85823  3.39248  3.33647  2.63656  1.10815  3.14078  5.56296  4.28850     97 t - - -
          2.68618  4.42226  2.77509  2.73124  3.46354  2.40513  3.72495  3.29354  2.67741  2.69355  4.24690  2.90347  2.73740  3.18147  2.89801  2.37887  2.77520  2.98519  4.58477  3.61504
          0.06505  2.89742  4.85162  0.46873  0.98295  0.48576  0.95510
     84   3.02035  5.57426  1.09060  1.98717  4.90257  2.70324  3.85557  4.42670  2.90386  3.92741  4.78519  2.75136  3.91389  3.02735  3.51558  2.90494  3.32101  3.98973  6.08556  4.57471     99 d - - -
          2.68618  4.42225  2.77519  2.73123  3.46354  2.40513  3.72494  3.29354  2.67741  2.69355  4.24690  2.90347  2.73739  3.18146  2.89801  2.37887  2.77519  2.98518  4.58477  3.61503
          0.02420  4.12927  4.85162  0.61958  0.77255  0.48576  0.95510
     85   2.68368  4.15212  4.11177  3.53363  3.24320  3.80690  4.12235  1.82974  3.42044  2.19826  2.94034  3.76879  4.16616  3.65474  3.62216  3.09787  2.36196  1.90082  4.81530  3.04062    100 i - - -
          2.68618  4.42225  2.77519  2.73123  3.46354  2.40513  3.72494  3.29354  2.67741  2.69355  4.24690  2.90347  2.73739  3.18146  2.89801  2.37887  2.77519  2.98518  4.58477  3.61503
          0.02420  4.12927  4.85162  0.61958  0.77255  0.48576  0.95510
     86   2.80956  4.20563  4.46680  3.88109  2.15388  3.97567  4.25991  2.07741  3.73639  1.90715  2.62459  4.02232  4.30164  3.89640  3.84745  3.28317  3.03940  1.78929  4.76704  3.22663    101 v - - -
          2.68618  4.42225  2.77519  2.73123  3.46354  2.40513  3.72494  3.29354  2.67741  2.69355  4.24690  2.90347  2.73739  3.18146  2.89801  2.37887  2.77519  2.98518  4.58477  3.61503
          0.02420  4.12927  4.85162  0.61958  0.77255  0.48576  0.95510
     87   2.25391  3.35746  4.37867  3.90087  3.68200  3.66012  4.56859  2.15564  3.78279  2.50411  3.58569  3.97673  4.22988  4.03965  3.97906  3.06329  3.01598  1.10284  5.33474  4.13482    102 v - - -
          2.68618  4.42225  2.77519  2.73123  3.46354  2.40513  3.72494  3.29354  2.67741  2.69355  4.24690  2.90347  2.73739  3.18146  2.89801  2.37887  2.77519  2.98518  4.58477  3.61503
          0.02420  4.12927  4.85162  0.61958  0.77255  0.48576  0.95510
     88   3.19932  5.33947  2.62911  0.70821  4.72193  3.45874  4.07847  4.22871  2.99366  3.80773  4.77897  3.11199  4.07810  3.29415  3.42319  3.16024  3.50827  3.88906  5.84444  4.57739    103 e - - -
          2.68618  4.42225  2.77519  2.73123  3.46354  2.40513  3.72494  3.29354  2.67741  2.69355  4.24690  2.90347  2.73739  3.18146  2.89801  2.37887  2.77519  2.98518  4.58477  3.61503
          0.06505  4.12927  3.06002  0.61958  0.77255  0.48576  0.95510
     89   2.54492  4.60007  3.06212  2.69548  4.26903  1.83667  3.88709  3.70483  2.67424  3.31594  4.14840  3.11497  2.16008  3.07744  2.66036  2.63955  2.90142  3.29178  5.51732  4.23822    104 g - - -
          2.68618  4.42225  2.77519  2.73123  3.46354  2.40513  3.72494  3.29354  2.67741  2.69355  4.24690  2.90347  2.73739  3.18146  2.89801  2.37887  2.77519  2.98518  4.58477  3.61503
          0.05946  4.08942  3.19463  0.61958  0.77255  0.53085  0.88698
     90   3.19690  5.34155  0.68664  2.46807  4.74561  3.35884  4.10653  4.37772  3.22750  3.95474  4.94051  3.03229  4.02492  3.34854  3.76587  3.14105  3.54065  3.99853  5.87749  4.59290    105 D - - -
          2.68618  4.42225  2.77519  2.73123  3.46354  2.40513  3.72494  3.29354  2.67741  2.69355  4.24690  2.90347  2.73739  3.18146  2.89801  2.37887  2.77519  2.98518  4.58477  3.61503
          0.16227  4.05602  2.02137  0.61958  0.77255  0.56585  0.83904
     91   3.04448  5.18067  0.84748  2.36705  4.56454  3.24936  3.97608  4.16433  3.06987  3.76354  4.74268  2.92602  3.90576  3.21526  3.59309  3.00102  3.38411  3.79805  5.72322  4.42890    106 d - - -
          2.68618  4.42225  2.77519  2.73123  3.46354  2.40513  3.72494  3.29354  2.67741  2.69355  4.24690  2.90347  2.73739  3.18146  2.89801  2.37887  2.77519  2.98518  4.58477  3.61503
          0.02981  3.92356  4.64590  0.61958  0.77255  0.68420  0.70217
     92   3.21251  4.65958  4.27149  3.91149  3.15518  4.04702  4.55118  2.36193  3.67873  0.81479  3.16202  4.18201  4.47353  4.03485  3.84648  3.62370  3.50440  2.41254  5.05309  3.78824    107 l - - -
          2.68618  4.42225  2.77519  2.73123  3.46354  2.40513  3.72494  3.29354  2.67741  2.69355  4.24690  2.90347  2.73739  3.18146  2.89801  2.37887  2.77519  2.98518  4.58477  3.61503
          0.02981  3.92356  4.64590  0.61958  0.77255  0.68420  0.70217
     93   3.05108  4.85963  3.17584  2.94085  3.32066  3.49080  1.03917  3.76190  2.78252  3.24949  4.29636  3.34815  4.04611  3.30773  3.04521  3.12128  3.35615  3.49604  4.78506  3.27006    108 h - - -
          2.68618  4.42225  2.77519  2.73123  3.46354  2.40513  3.72494  3.29354  2.67741  2.69355  4.24690  2.90347  2.73739  3.18146  2.89801  2.37887  2.77519  2.98518  4.58477  3.61503
          0.02981  3.92356  4.64590  0.61958  0.77255  0.68420  0.70217
     94   2.81531  3.24836  4.25161  3.78332  1.42935  3.75882  4.00613  2.51200  3.64540  2.14384  3.34213  3.87311  4.22552  3.84520  3.80480  3.15676  3.11929  2.40132  4.41929  2.89904    109 f - - -
          2.68618  4.42225  2.77519  2.73123  3.46354  2.40513  3.72494  3.29354  2.67741  2.69355  4.24690  2.90347  2.73739  3.18146  2.89801  2.37887  2.77519  2.98518  4.58477  3.61503
          0.10155  3.92356  2.56669  0.61958  0.77255  0.68420  0.70217
     95   2.80898  3.56471  4.34687  3.78611  3.28457  4.01267  4.40954  1.65660  3.67531  1.97101  2.62020  4.01723  4.34860  3.90482  3.87256  3.33323  3.05506  1.62221  5.03180  3.85386    110 v - - -
          2.68618  4.42225  2.77519  2.73123  3.46354  2.40513  3.72494  3.29354  2.67741  2.69355  4.24690  2.90347  2.73739  3.18146  2.89801  2.37887  2.77519  2.98518  4.58477  3.61503
          0.03199  3.85400  4.57635  0.61958  0.77255  0.73579  0.65225
     96   2.70844  4.70409  2.69866  2.58237  4.06474  3.17184  3.90662  3.77133  2.80888  3.42035  4.37586  1.19117  3.82288  3.17950  3.16277  2.77644  3.08979  3.39540  5.37280  4.01453    111 n - - -
          2.68528  4.42251  2.77546  2.73149  3.46362  2.40539  3.72521  3.29318  2.67767  2.69373  4.24595  2.90299  2.73754  3.18006  2.89827  2.37913  2.77546  2.98545  4.58345  3.61529
          0.40519  1.09916        *  1.65187  0.21281  0.00000        *
//
