HMMER3/f [3.2.1 | June 2018]
NAME  hsp70
LENG  173
ALPH  amino
RF    no
MM    no
CONS  yes
CS    no
MAP   yes
DATE  Wed Oct 16 18:35:42 2019
NSEQ  22
EFFN  0.561279
CKSUM 2263492880
STATS LOCAL MSV      -10.2120  0.70724
STATS LOCAL VITERBI  -10.9986  0.70724
STATS LOCAL FORWARD   -4.8312  0.70724
HMM          A        C        D        E        F        G        H        I        K        L        M        N        P        Q        R        S        T        V        W        Y   
            m->m     m->i     m->d     i->m     i->i     d->m     d->d
  COMPO   2.39554  4.53243  2.83059  2.67232  3.49683  2.69640  3.94696  2.70118  2.66759  2.54549  3.70715  3.07997  3.32601  3.10780  3.03519  2.70258  2.81013  2.54752  5.18512  3.58616
          2.68593  4.42229  2.77524  2.73127  3.46358  2.40517  3.72499  3.29358  2.67740  2.69359  4.24553  2.90351  2.73744  3.18151  2.89805  2.37891  2.77524  2.98523  4.58481  3.61507
          0.19096  1.80687  4.63902  0.71502  0.67174  0.00000        *
      1   2.55102  4.35141  3.33062  2.84594  3.57202  3.41900  3.81574  2.88515  2.57633  2.59742  2.19798  3.23439  3.88575  3.10698  3.01522  2.28466  2.82968  2.65256  5.01082  3.75773      4 m - - -
          2.68618  4.42225  2.77519  2.73123  3.46354  2.40513  3.72494  3.29354  2.67741  2.69355  4.24690  2.90347  2.73739  3.18146  2.89801  2.37887  2.77519  2.98518  4.58477  3.61503
          0.03002  3.91667  4.63902  0.61958  0.77255  0.48576  0.95510
      2   2.25750  4.77763  2.65584  2.15491  4.22953  2.75421  3.69199  3.66334  2.54594  3.25364  4.07198  2.46679  3.75936  2.85532  3.01401  2.22133  2.86836  3.28205  5.47629  4.12429      5 e - - -
          2.68618  4.42225  2.77519  2.73123  3.46354  2.40513  3.72494  3.29354  2.67741  2.69355  4.24690  2.90347  2.73739  3.18146  2.89801  2.37887  2.77519  2.98518  4.58477  3.61503
          0.03002  3.91667  4.63902  0.61958  0.77255  0.48576  0.95510
      3   3.01228  4.97809  3.19124  2.80427  4.37462  3.49714  3.78343  3.80662  0.97941  3.36199  4.32095  3.22684  3.99426  2.97231  2.43975  3.05130  3.26221  3.51187  5.41102  4.23009      6 k - - -
          2.68618  4.42225  2.77519  2.73123  3.46354  2.40513  3.72494  3.29354  2.67741  2.69355  4.24690  2.90347  2.73739  3.18146  2.89801  2.37887  2.77519  2.98518  4.58477  3.61503
          0.03002  3.91667  4.63902  0.61958  0.77255  0.48576  0.95510
      4   3.03820  4.41599  4.57509  4.10460  3.42702  4.26015  4.83190  1.13628  3.95430  1.93545  3.27207  4.33996  4.62066  4.25026  4.16036  3.66024  3.31863  1.60260  5.38785  4.16492      7 i - - -
          2.68618  4.42225  2.77519  2.73123  3.46354  2.40513  3.72494  3.29354  2.67741  2.69355  4.24690  2.90347  2.73739  3.18146  2.89801  2.37887  2.77519  2.98518  4.58477  3.61503
          0.03002  3.91667  4.63902  0.61958  0.77255  0.48576  0.95510
      5   3.18516  4.54842  4.62727  4.10618  3.13707  4.39734  4.73796  1.67749  3.92498  1.10009  2.98190  4.38342  4.64988  4.15813  4.10014  3.76634  3.42691  2.01608  5.16516  3.99384      8 l - - -
          2.68618  4.42225  2.77519  2.73123  3.46354  2.40513  3.72494  3.29354  2.67741  2.69355  4.24690  2.90347  2.73739  3.18146  2.89801  2.37887  2.77519  2.98518  4.58477  3.61503
          0.03002  3.91667  4.63902  0.61958  0.77255  0.48576  0.95510
      6   2.71997  4.49122  3.40281  3.30773  4.44959  0.66405  4.42547  4.05980  3.49503  3.70843  4.68440  3.56705  3.88378  3.81566  3.72639  2.89312  3.20464  3.57958  5.53324  4.55292      9 G - - -
          2.68618  4.42225  2.77519  2.73123  3.46354  2.40513  3.72494  3.29354  2.67741  2.69355  4.24690  2.90347  2.73739  3.18146  2.89801  2.37887  2.77519  2.98518  4.58477  3.61503
          0.03002  3.91667  4.63902  0.61958  0.77255  0.48576  0.95510
      7   3.03718  4.41986  4.56058  4.09542  3.42009  4.24784  4.82180  1.12791  3.94049  1.93206  3.27113  4.33023  4.61384  4.24107  4.14590  3.65118  3.31951  1.62914  5.37953  4.15196     10 i - - -
          2.68618  4.42225  2.77519  2.73123  3.46354  2.40513  3.72494  3.29354  2.67741  2.69355  4.24690  2.90347  2.73739  3.18146  2.89801  2.37887  2.77519  2.98518  4.58477  3.61503
          0.03002  3.91667  4.63902  0.61958  0.77255  0.48576  0.95510
      8   3.03695  5.17227  0.85669  2.36247  4.55518  3.24403  3.96982  4.15338  3.06228  3.75379  4.73272  2.92111  3.89994  3.20895  3.58460  2.99423  3.37642  3.78781  5.71521  4.42061     11 d - - -
          2.68618  4.42225  2.77519  2.73123  3.46354  2.40513  3.72494  3.29354  2.67741  2.69355  4.24690  2.90347  2.73739  3.18146  2.89801  2.37887  2.77519  2.98518  4.58477  3.61503
          0.03002  3.91667  4.63902  0.61958  0.77255  0.48576  0.95510
      9   3.20472  4.65381  4.26046  3.90038  3.15243  4.03832  4.54223  2.35874  3.66769  0.82265  3.16132  4.17158  4.46599  4.02545  3.83659  3.61413  3.49691  2.40757  5.04790  3.78147     12 l - - -
          2.68618  4.42225  2.77519  2.73123  3.46354  2.40513  3.72494  3.29354  2.67741  2.69355  4.24690  2.90347  2.73739  3.18146  2.89801  2.37887  2.77519  2.98518  4.58477  3.61503
          0.03002  3.91667  4.63902  0.61958  0.77255  0.48576  0.95510
     10   2.71997  4.49122  3.40281  3.30773  4.44959  0.66405  4.42547  4.05980  3.49503  3.70843  4.68440  3.56705  3.88378  3.81566  3.72639  2.89312  3.20464  3.57958  5.53324  4.55292     13 G - - -
          2.68618  4.42225  2.77519  2.73123  3.46354  2.40513  3.72494  3.29354  2.67741  2.69355  4.24690  2.90347  2.73739  3.18146  2.89801  2.37887  2.77519  2.98518  4.58477  3.61503
          0.03002  3.91667  4.63902  0.61958  0.77255  0.48576  0.95510
     11   2.43637  4.28157  3.46717  3.22107  4.00774  3.11943  4.23504  3.14025  3.16492  3.00218  4.04976  3.42346  3.82661  3.55750  3.42156  2.63812  1.09916  2.83051  5.44166  4.22433     14 t - - -
          2.68618  4.42225  2.77519  2.73123  3.46354  2.40513  3.72494  3.29354  2.67741  2.69355  4.24690  2.90347  2.73739  3.18146  2.89801  2.37887  2.77519  2.98518  4.58477  3.61503
          0.03002  3.91667  4.63902  0.61958  0.77255  0.48576  0.95510
     12   2.24450  4.17807  3.32559  3.01493  4.11804  2.97453  4.08776  3.44839  3.02059  3.20129  4.07012  3.23271  3.68707  3.35622  3.33558  1.72010  1.66588  3.00126  5.48587  4.24656     15 t - - -
          2.68618  4.42225  2.77519  2.73123  3.46354  2.40513  3.72494  3.29354  2.67741  2.69355  4.24690  2.90347  2.73739  3.18146  2.89801  2.37887  2.77519  2.98518  4.58477  3.61503
          0.03002  3.91667  4.63902  0.61958  0.77255  0.48576  0.95510
     13   2.75993  4.75818  2.73260  2.62245  4.12860  3.21349  3.95646  3.84835  2.86377  3.49017  4.44505  1.08215  3.86745  3.22918  3.22003  2.82536  3.14317  3.46610  5.42943  4.07367     16 n - - -
          2.68618  4.42225  2.77519  2.73123  3.46354  2.40513  3.72494  3.29354  2.67741  2.69355  4.24690  2.90347  2.73739  3.18146  2.89801  2.37887  2.77519  2.98518  4.58477  3.61503
          0.03002  3.91667  4.63902  0.61958  0.77255  0.48576  0.95510
     14   2.33666  4.25772  3.24472  3.06236  4.12025  2.98678  4.17108  3.64875  3.13911  3.36552  4.28781  3.28020  3.72919  3.48494  3.42390  1.02634  2.82006  3.17419  5.48917  4.20396     17 s - - -
          2.68618  4.42225  2.77519  2.73123  3.46354  2.40513  3.72494  3.29354  2.67741  2.69355  4.24690  2.90347  2.73739  3.18146  2.89801  2.37887  2.77519  2.98518  4.58477  3.61503
          0.03002  3.91667  4.63902  0.61958  0.77255  0.48576  0.95510
     15   1.56331  2.73873  3.55955  2.90303  3.73089  3.16927  4.03563  2.90821  3.03858  2.76724  3.68391  3.34623  3.79093  3.36310  3.33813  2.56231  2.72936  2.61114  5.17695  3.95941     18 a - - -
          2.68618  4.42225  2.77519  2.73123  3.46354  2.40513  3.72494  3.29354  2.67741  2.69355  4.24690  2.90347  2.73739  3.18146  2.89801  2.37887  2.77519  2.98518  4.58477  3.61503
          0.03002  3.91667  4.63902  0.61958  0.77255  0.48576  0.95510
     16   2.09268  4.22729  3.88543  3.32979  2.55656  3.71567  4.06241  2.36653  3.24247  2.04908  2.67745  3.63178  4.10216  3.50463  3.50701  3.01292  2.92028  2.16064  4.84302  3.61642     19 l - - -
          2.68618  4.42225  2.77519  2.73123  3.46354  2.40513  3.72494  3.29354  2.67741  2.69355  4.24690  2.90347  2.73739  3.18146  2.89801  2.37887  2.77519  2.98518  4.58477  3.61503
          0.03002  3.91667  4.63902  0.61958  0.77255  0.48576  0.95510
     17   0.95191  4.21401  3.50735  3.30052  4.09627  3.03740  4.31736  3.22839  3.31790  3.10797  4.13484  3.43900  3.78078  3.65499  3.56548  2.56387  2.84428  2.87515  5.51901  4.32413     20 a - - -
          2.68618  4.42225  2.77519  2.73123  3.46354  2.40513  3.72494  3.29354  2.67741  2.69355  4.24690  2.90347  2.73739  3.18146  2.89801  2.37887  2.77519  2.98518  4.58477  3.61503
          0.03002  3.91667  4.63902  0.61958  0.77255  0.48576  0.95510
     18   2.92372  4.37039  4.40224  3.95328  3.50566  4.05341  4.72161  1.78378  3.80352  2.09559  3.38639  4.17512  4.49414  4.13287  4.02935  3.46327  3.23130  1.05857  5.39057  4.13205     21 v - - -
          2.68618  4.42225  2.77519  2.73123  3.46354  2.40513  3.72494  3.29354  2.67741  2.69355  4.24690  2.90347  2.73739  3.18146  2.89801  2.37887  2.77519  2.98518  4.58477  3.61503
          0.03002  3.91667  4.63902  0.61958  0.77255  0.48576  0.95510
     19   3.03256  4.44332  4.43834  3.87732  3.16458  4.22130  4.55542  1.99781  3.74679  1.54381  1.89421  4.16917  4.49658  3.96709  3.95172  3.54400  3.26782  1.83149  5.10103  3.97037     22 l - - -
          2.68618  4.42225  2.77519  2.73123  3.46354  2.40513  3.72494  3.29354  2.67741  2.69355  4.24690  2.90347  2.73739  3.18146  2.89801  2.37887  2.77519  2.98518  4.58477  3.61503
          0.03002  3.91667  4.63902  0.61958  0.77255  0.48576  0.95510
     20   2.65726  4.55561  3.18732  1.96875  3.67467  3.53309  3.78549  2.38880  2.62833  2.54780  3.21983  3.16079  3.93234  3.00589  3.01677  2.80013  2.89529  2.58112  5.14346  3.86523     23 e - - -
          2.68618  4.42225  2.77519  2.73123  3.46354  2.40513  3.72494  3.29354  2.67741  2.69355  4.24690  2.90347  2.73739  3.18146  2.89801  2.37887  2.77519  2.98518  4.58477  3.61503
          0.03002  3.91667  4.63902  0.61958  0.77255  0.48576  0.95510
     21   2.26354  4.22050  3.11151  2.95427  4.31634  1.30345  4.15785  3.79870  3.14266  3.48264  4.32931  3.19126  3.67432  3.43496  3.46016  2.07349  2.75409  3.24008  5.63775  4.39403     24 g - - -
          2.68618  4.42225  2.77519  2.73123  3.46354  2.40513  3.72494  3.29354  2.67741  2.69355  4.24690  2.90347  2.73739  3.18146  2.89801  2.37887  2.77519  2.98518  4.58477  3.61503
          0.03002  3.91667  4.63902  0.61958  0.77255  0.48576  0.95510
     22   2.48205  4.56557  2.40459  2.48166  4.34891  1.53710  3.90295  3.81284  2.87669  3.44675  4.29023  2.93210  3.73276  3.11603  3.32488  2.35870  2.88662  3.34694  5.64116  4.30621     25 g - - -
          2.68618  4.42225  2.77519  2.73123  3.46354  2.40513  3.72494  3.29354  2.67741  2.69355  4.24690  2.90347  2.73739  3.18146  2.89801  2.37887  2.77519  2.98518  4.58477  3.61503
          0.03002  3.91667  4.63902  0.61958  0.77255  0.48576  0.95510
     23   2.73025  5.17954  2.11120  1.97259  4.49018  3.29642  3.61061  3.95570  1.90900  3.45998  4.25747  2.76711  3.78684  2.74307  2.75150  2.67500  2.97450  3.55655  5.61275  4.20885     26 k - - -
          2.68618  4.42225  2.77519  2.73123  3.46354  2.40513  3.72494  3.29354  2.67741  2.69355  4.24690  2.90347  2.73739  3.18146  2.89801  2.37887  2.77519  2.98518  4.58477  3.61503
          0.03002  3.91667  4.63902  0.61958  0.77255  0.48576  0.95510
     24   1.89238  4.25960  3.22282  2.96484  4.14732  3.02005  4.09400  3.45561  3.01791  3.19641  4.11261  3.22843  1.58852  3.35995  3.33680  2.49322  2.77902  3.03905  5.50847  4.27483     27 p - - -
          2.68618  4.42225  2.77519  2.73123  3.46354  2.40513  3.72494  3.29354  2.67741  2.69355  4.24690  2.90347  2.73739  3.18146  2.89801  2.37887  2.77519  2.98518  4.58477  3.61503
          0.03002  3.91667  4.63902  0.61958  0.77255  0.48576  0.95510
     25   2.56982  4.50717  3.07316  2.22929  3.81681  3.38441  3.78025  2.94953  2.63573  2.79600  3.71434  3.09712  3.85686  3.00032  3.02779  2.70095  2.20490  2.27005  5.20819  3.92795     28 t - - -
          2.68618  4.42225  2.77519  2.73123  3.46354  2.40513  3.72494  3.29354  2.67741  2.69355  4.24690  2.90347  2.73739  3.18146  2.89801  2.37887  2.77519  2.98518  4.58477  3.61503
          0.03002  3.91667  4.63902  0.61958  0.77255  0.48576  0.95510
     26   3.03448  4.38263  4.64724  4.15240  3.48758  4.32322  4.88372  1.30392  4.03147  1.99822  3.30727  4.38822  4.65612  4.30692  4.24181  3.70733  3.30464  1.30430  5.43852  4.23087     29 i - - -
          2.68618  4.42225  2.77519  2.73123  3.46354  2.40513  3.72494  3.29354  2.67741  2.69355  4.24690  2.90347  2.73739  3.18146  2.89801  2.37887  2.77519  2.98518  4.58477  3.61503
          0.03002  3.91667  4.63902  0.61958  0.77255  0.48576  0.95510
     27   3.08194  4.46532  4.50402  4.05535  3.33776  4.25315  4.74801  1.11033  3.86201  1.83130  3.23954  4.30497  4.60995  4.18941  4.05965  3.67336  3.35782  1.79004  5.28560  4.02379     30 i - - -
          2.68618  4.42225  2.77519  2.73123  3.46354  2.40513  3.72494  3.29354  2.67741  2.69355  4.24690  2.90347  2.73739  3.18146  2.89801  2.37887  2.77519  2.98518  4.58477  3.61503
          0.03002  3.91667  4.63902  0.61958  0.77255  0.48576  0.95510
     28   2.28163  4.24456  3.37542  2.96599  3.89377  3.14380  4.00424  3.04242  2.92161  2.87427  3.81408  3.25600  1.91460  3.26955  3.25575  2.54086  2.54068  2.36319  5.32124  4.08130     31 p - - -
          2.68618  4.42225  2.77519  2.73123  3.46354  2.40513  3.72494  3.29354  2.67741  2.69355  4.24690  2.90347  2.73739  3.18146  2.89801  2.37887  2.77519  2.98518  4.58477  3.61503
          0.03002  3.91667  4.63902  0.61958  0.77255  0.48576  0.95510
     29   2.14228  4.49019  2.82062  2.56853  4.24886  3.08461  3.86249  3.68160  2.74394  3.32389  4.15652  1.87328  3.72358  3.06336  3.15320  2.05678  2.81458  3.23554  5.53633  4.22182     32 n - - -
          2.68618  4.42225  2.77519  2.73123  3.46354  2.40513  3.72494  3.29354  2.67741  2.69355  4.24690  2.90347  2.73739  3.18146  2.89801  2.37887  2.77519  2.98518  4.58477  3.61503
          0.03002  3.91667  4.63902  0.61958  0.77255  0.48576  0.95510
     30   1.51644  4.40691  2.93633  2.46188  4.09855  2.96033  3.88263  3.46645  2.78331  3.15481  4.00603  3.05036  3.73778  3.10634  3.17175  2.28722  2.79253  3.07382  5.42680  4.14948     33 a - - -
          2.68618  4.42225  2.77519  2.73123  3.46354  2.40513  3.72494  3.29354  2.67741  2.69355  4.24690  2.90347  2.73739  3.18146  2.89801  2.37887  2.77519  2.98518  4.58477  3.61503
          0.03002  3.91667  4.63902  0.61958  0.77255  0.48576  0.95510
     31   2.99011  5.11053  2.50601  0.96416  4.46226  3.30242  3.89284  3.92492  2.77891  3.53487  4.50679  2.95776  3.90904  3.10747  3.19245  2.96792  3.29463  3.60414  5.62550  4.34757     34 e - - -
          2.68618  4.42225  2.77519  2.73123  3.46354  2.40513  3.72494  3.29354  2.67741  2.69355  4.24690  2.90347  2.73739  3.18146  2.89801  2.37887  2.77519  2.98518  4.58477  3.61503
          0.03002  3.91667  4.63902  0.61958  0.77255  0.48576  0.95510
     32   2.71997  4.49122  3.40281  3.30773  4.44959  0.66405  4.42547  4.05980  3.49503  3.70843  4.68440  3.56705  3.88378  3.81566  3.72639  2.89312  3.20464  3.57958  5.53324  4.55292     35 G - - -
          2.68618  4.42225  2.77519  2.73123  3.46354  2.40513  3.72494  3.29354  2.67741  2.69355  4.24690  2.90347  2.73739  3.18146  2.89801  2.37887  2.77519  2.98518  4.58477  3.61503
          0.03002  3.91667  4.63902  0.61958  0.77255  0.48576  0.95510
     33   2.23934  4.77477  2.49319  2.28088  4.06213  3.18065  3.62193  3.47824  2.44943  3.08396  3.90219  2.88475  3.77087  2.69965  2.91818  2.45697  2.74565  2.84743  5.32685  3.98486     36 a - - -
          2.68618  4.42233  2.77528  2.73131  3.46362  2.40483  3.72503  3.29348  2.67749  2.69354  4.24698  2.90355  2.73748  3.18145  2.89809  2.37879  2.77518  2.98520  4.58485  3.61497
          0.19357  1.79384  4.63902  1.12366  0.39317  0.48576  0.95510
     34   3.00478  5.09093  3.41302  2.76867  4.52387  3.62067  3.59002  3.87883  1.53469  3.34149  4.21965  3.16905  3.99882  2.73095  1.45549  3.00990  3.17838  3.56808  5.39807  4.22630     41 r - - -
          2.68618  4.42225  2.77519  2.73123  3.46354  2.40513  3.72494  3.29354  2.67741  2.69355  4.24690  2.90347  2.73739  3.18146  2.89801  2.37887  2.77519  2.98518  4.58477  3.61503
          0.03002  3.91667  4.63902  0.61958  0.77255  0.48576  0.95510
     35   1.94731  4.22426  3.42291  2.95593  3.80973  3.17389  3.95569  3.01578  2.89198  2.83464  3.39482  3.25395  3.77468  3.23154  3.23061  2.41605  1.84789  2.70547  5.22495  3.98993     42 t - - -
          2.68618  4.42225  2.77519  2.73123  3.46354  2.40513  3.72494  3.29354  2.67741  2.69355  4.24690  2.90347  2.73739  3.18146  2.89801  2.37887  2.77519  2.98518  4.58477  3.61503
          0.03002  3.91667  4.63902  0.61958  0.77255  0.48576  0.95510
     36   2.62316  4.29217  3.71990  3.26429  2.18186  3.52535  3.99720  2.60029  3.18804  2.29908  3.41610  3.53588  4.02896  3.48526  3.46488  2.89145  1.91218  2.44070  4.77208  3.37288     43 t - - -
          2.68618  4.42225  2.77519  2.73123  3.46354  2.40513  3.72494  3.29354  2.67741  2.69355  4.24690  2.90347  2.73739  3.18146  2.89801  2.37887  2.77519  2.98518  4.58477  3.61503
          0.03002  3.91667  4.63902  0.61958  0.77255  0.48576  0.95510
     37   2.81006  4.56025  3.42197  3.26724  4.25893  3.24525  4.34121  3.81552  3.32828  3.43765  4.48927  3.56958  0.74941  3.71572  3.56896  2.97889  3.25506  3.45588  5.43355  4.38015     44 p - - -
          2.68618  4.42225  2.77519  2.73123  3.46354  2.40513  3.72494  3.29354  2.67741  2.69355  4.24690  2.90347  2.73739  3.18146  2.89801  2.37887  2.77519  2.98518  4.58477  3.61503
          0.03002  3.91667  4.63902  0.61958  0.77255  0.48576  0.95510
     38   2.33666  4.25772  3.24472  3.06236  4.12025  2.98678  4.17108  3.64875  3.13911  3.36552  4.28781  3.28020  3.72919  3.48494  3.42390  1.02634  2.82006  3.17419  5.48917  4.20396     45 s - - -
          2.68618  4.42225  2.77519  2.73123  3.46354  2.40513  3.72494  3.29354  2.67741  2.69355  4.24690  2.90347  2.73739  3.18146  2.89801  2.37887  2.77519  2.98518  4.58477  3.61503
          0.03002  3.91667  4.63902  0.61958  0.77255  0.48576  0.95510
     39   2.67183  3.72582  4.04680  3.48396  3.20440  3.77762  4.10864  2.10044  3.36828  2.17243  3.22990  3.73447  4.15342  3.62623  3.59341  3.08054  2.91905  1.54265  4.81127  2.94078     46 v - - -
          2.68618  4.42225  2.77519  2.73123  3.46354  2.40513  3.72494  3.29354  2.67741  2.69355  4.24690  2.90347  2.73739  3.18146  2.89801  2.37887  2.77519  2.98518  4.58477  3.61503
          0.03002  3.91667  4.63902  0.61958  0.77255  0.48576  0.95510
     40   2.84290  4.37312  4.18653  3.85089  3.58229  3.76966  4.64494  2.04799  3.71935  2.26156  3.54060  4.03366  4.32761  4.07590  3.92761  3.27586  3.20331  0.97098  5.37424  4.10866     47 v - - -
          2.68618  4.42225  2.77519  2.73123  3.46354  2.40513  3.72494  3.29354  2.67741  2.69355  4.24690  2.90347  2.73739  3.18146  2.89801  2.37887  2.77519  2.98518  4.58477  3.61503
          0.03002  3.91667  4.63902  0.61958  0.77255  0.48576  0.95510
     41   1.25458  4.14182  3.33701  3.10120  4.23824  2.08947  4.19638  3.57400  3.19328  3.33094  4.19275  3.26874  3.66773  3.48326  3.49398  2.39634  2.70334  3.07315  5.58770  4.38485     48 a - - -
          2.68618  4.42225  2.77519  2.73123  3.46354  2.40513  3.72494  3.29354  2.67741  2.69355  4.24690  2.90347  2.73739  3.18146  2.89801  2.37887  2.77519  2.98518  4.58477  3.61503
          0.03002  3.91667  4.63902  0.61958  0.77255  0.48576  0.95510
     42   3.00513  4.50893  3.99170  3.52715  1.36151  3.91295  3.16901  2.86837  3.37773  2.32910  3.25219  3.69778  4.28032  3.62070  3.58949  3.23729  3.24507  2.75983  4.00687  2.36883     49 f - - -
          2.68618  4.42225  2.77519  2.73123  3.46354  2.40513  3.72494  3.29354  2.67741  2.69355  4.24690  2.90347  2.73739  3.18146  2.89801  2.37887  2.77519  2.98518  4.58477  3.61503
          0.08414  3.91667  2.80039  0.61958  0.77255  0.48576  0.95510
     43   2.13156  4.14222  3.30874  2.98865  4.09795  2.94464  4.06042  3.40671  2.99760  3.16651  4.02984  3.20480  3.65592  3.32622  3.31620  1.74166  1.80374  2.96027  5.46331  4.23299     50 s - - -
          2.68618  4.42225  2.77519  2.73123  3.46354  2.40513  3.72494  3.29354  2.67741  2.69355  4.24690  2.90347  2.73739  3.18146  2.89801  2.37887  2.77519  2.98518  4.58477  3.61503
          0.03166  3.86420  4.58655  0.61958  0.77255  0.45709  1.00274
     44   2.77795  5.19939  2.03948  2.12603  4.51090  3.28866  3.64017  3.96773  1.70411  3.48662  4.30452  2.76797  3.80530  2.78346  2.87390  2.71994  3.02881  3.57954  5.64180  4.24234     51 k - - -
          2.68618  4.42225  2.77519  2.73123  3.46354  2.40513  3.72494  3.29354  2.67741  2.69355  4.24690  2.90347  2.73739  3.18146  2.89801  2.37887  2.77519  2.98518  4.58477  3.61503
          0.03002  3.91667  4.63902  0.61958  0.77255  0.48576  0.95510
     45   2.76588  5.20401  1.70376  2.11095  4.50898  3.25884  3.65276  3.96758  2.09636  3.49902  4.31653  2.73757  3.79231  2.79946  3.00189  2.70473  2.85871  3.57591  5.67377  4.25144     52 d - - -
          2.68618  4.42225  2.77519  2.73123  3.46354  2.40513  3.72494  3.29354  2.67741  2.69355  4.24690  2.90347  2.73739  3.18146  2.89801  2.37887  2.77519  2.98518  4.58477  3.61503
          0.03002  3.91667  4.63902  0.61958  0.77255  0.48576  0.95510
     46   2.62196  4.56466  2.87193  2.55660  4.35551  1.07601  4.06961  3.82540  3.00332  3.49270  4.40259  3.15751  3.81961  3.33466  3.34870  2.73414  3.04318  3.39587  5.56674  4.37348     53 g - - -
          2.68618  4.42225  2.77519  2.73123  3.46354  2.40513  3.72494  3.29354  2.67741  2.69355  4.24690  2.90347  2.73739  3.18146  2.89801  2.37887  2.77519  2.98518  4.58477  3.61503
          0.03002  3.91667  4.63902  0.61958  0.77255  0.48576  0.95510
     47   2.80950  5.29052  2.13390  1.53409  4.57575  3.24354  3.66642  4.06128  2.54860  3.57252  4.39662  2.71095  3.79787  2.30066  3.06079  2.73091  3.07245  3.66092  5.73698  4.29411     54 e - - -
          2.68618  4.42225  2.77519  2.73123  3.46354  2.40513  3.72494  3.29354  2.67741  2.69355  4.24690  2.90347  2.73739  3.18146  2.89801  2.37887  2.77519  2.98518  4.58477  3.61503
          0.03002  3.91667  4.63902  0.61958  0.77255  0.48576  0.95510
     48   2.64105  4.56736  3.26619  2.67042  3.74257  3.50883  3.66807  3.08282  2.09386  2.39048  3.14490  3.12174  3.88497  2.87987  2.34829  2.75853  2.86154  2.76028  5.08171  3.82798     55 k - - -
          2.68618  4.42225  2.77519  2.73123  3.46354  2.40513  3.72494  3.29354  2.67741  2.69355  4.24690  2.90347  2.73739  3.18146  2.89801  2.37887  2.77519  2.98518  4.58477  3.61503
          0.03002  3.91667  4.63902  0.61958  0.77255  0.48576  0.95510
     49   3.20472  4.65381  4.26046  3.90038  3.15243  4.03832  4.54223  2.35874  3.66769  0.82265  3.16132  4.17158  4.46599  4.02545  3.83659  3.61413  3.49691  2.40757  5.04790  3.78147     56 l - - -
          2.68618  4.42225  2.77519  2.73123  3.46354  2.40513  3.72494  3.29354  2.67741  2.69355  4.24690  2.90347  2.73739  3.18146  2.89801  2.37887  2.77519  2.98518  4.58477  3.61503
          0.03002  3.91667  4.63902  0.61958  0.77255  0.48576  0.95510
     50   2.84290  4.37312  4.18653  3.85089  3.58229  3.76966  4.64494  2.04799  3.71935  2.26156  3.54060  4.03366  4.32761  4.07590  3.92761  3.27586  3.20331  0.97098  5.37424  4.10866     57 v - - -
          2.68618  4.42225  2.77519  2.73123  3.46354  2.40513  3.72494  3.29354  2.67741  2.69355  4.24690  2.90347  2.73739  3.18146  2.89801  2.37887  2.77519  2.98518  4.58477  3.61503
          0.03002  3.91667  4.63902  0.61958  0.77255  0.48576  0.95510
     51   2.71997  4.49122  3.40281  3.30773  4.44959  0.66405  4.42547  4.05980  3.49503  3.70843  4.68440  3.56705  3.88378  3.81566  3.72639  2.89312  3.20464  3.57958  5.53324  4.55292     58 G - - -
          2.68618  4.42225  2.77519  2.73123  3.46354  2.40513  3.72494  3.29354  2.67741  2.69355  4.24690  2.90347  2.73739  3.18146  2.89801  2.37887  2.77519  2.98518  4.58477  3.61503
          0.03002  3.91667  4.63902  0.61958  0.77255  0.48576  0.95510
     52   2.79636  5.15208  2.65064  1.85370  4.48552  3.37285  3.60437  3.91634  1.91038  3.41387  4.23491  2.85466  3.83880  2.26464  2.59071  2.75418  3.02369  3.54598  5.54680  4.20857     59 e - - -
          2.68618  4.42225  2.77519  2.73123  3.46354  2.40513  3.72494  3.29354  2.67741  2.69355  4.24690  2.90347  2.73739  3.18146  2.89801  2.37887  2.77519  2.98518  4.58477  3.61503
          0.03002  3.91667  4.63902  0.61958  0.77255  0.48576  0.95510
     53   2.28621  4.25069  3.42446  3.02415  3.81238  3.19819  4.03992  2.89354  2.97707  2.76327  3.75173  3.30988  1.97705  3.32420  3.30000  2.59983  2.78830  2.09422  5.28537  4.04052     60 p - - -
          2.68618  4.42225  2.77519  2.73123  3.46354  2.40513  3.72494  3.29354  2.67741  2.69355  4.24690  2.90347  2.73739  3.18146  2.89801  2.37887  2.77519  2.98518  4.58477  3.61503
          0.03002  3.91667  4.63902  0.61958  0.77255  0.48576  0.95510
     54   0.95191  4.21401  3.50735  3.30052  4.09627  3.03740  4.31736  3.22839  3.31790  3.10797  4.13484  3.43900  3.78078  3.65499  3.56548  2.56387  2.84428  2.87515  5.51901  4.32413     61 a - - -
          2.68618  4.42225  2.77519  2.73123  3.46354  2.40513  3.72494  3.29354  2.67741  2.69355  4.24690  2.90347  2.73739  3.18146  2.89801  2.37887  2.77519  2.98518  4.58477  3.61503
          0.03002  3.91667  4.63902  0.61958  0.77255  0.48576  0.95510
     55   2.99751  5.09880  3.39250  2.75239  4.53317  3.61555  3.58658  3.88866  1.38621  3.34832  4.22261  3.15808  3.99318  2.72565  1.63162  2.99920  3.17140  3.57431  5.40397  4.22827     62 k - - -
          2.68618  4.42225  2.77519  2.73123  3.46354  2.40513  3.72494  3.29354  2.67741  2.69355  4.24690  2.90347  2.73739  3.18146  2.89801  2.37887  2.77519  2.98518  4.58477  3.61503
          0.03002  3.91667  4.63902  0.61958  0.77255  0.48576  0.95510
     56   2.79879  4.91381  3.05096  2.60671  4.28372  3.43179  3.65102  3.76174  2.13840  3.29586  4.15975  2.34608  3.89762  2.81467  1.56883  2.82567  3.04574  3.42035  5.38111  4.10558     63 r - - -
          2.68618  4.42225  2.77519  2.73123  3.46354  2.40513  3.72494  3.29354  2.67741  2.69355  4.24690  2.90347  2.73739  3.18146  2.89801  2.37887  2.77519  2.98518  4.58477  3.61503
          0.03002  3.91667  4.63902  0.61958  0.77255  0.48576  0.95510
     57   2.91564  4.90297  2.93195  2.68716  4.07742  3.39509  3.84593  3.71475  2.50485  3.21274  4.23916  3.14736  3.94906  1.15751  2.78825  2.96143  3.21249  3.44162  5.34152  4.03812     64 q - - -
          2.68618  4.42225  2.77519  2.73123  3.46354  2.40513  3.72494  3.29354  2.67741  2.69355  4.24690  2.90347  2.73739  3.18146  2.89801  2.37887  2.77519  2.98518  4.58477  3.61503
          0.03002  3.91667  4.63902  0.61958  0.77255  0.48576  0.95510
     58   1.39026  4.23551  3.63165  3.19628  3.72102  3.26970  4.13834  2.66877  3.09100  2.57872  3.32623  3.43788  3.88734  3.44450  3.38888  2.67028  2.82650  2.35525  5.27789  4.03777     65 a - - -
          2.68618  4.42225  2.77519  2.73123  3.46354  2.40513  3.72494  3.29354  2.67741  2.69355  4.24690  2.90347  2.73739  3.18146  2.89801  2.37887  2.77519  2.98518  4.58477  3.61503
          0.03002  3.91667  4.63902  0.61958  0.77255  0.48576  0.95510
     59   3.06522  4.39500  4.67762  4.14948  3.41002  4.38957  4.84929  1.43029  4.03344  1.75171  3.22247  4.40320  4.67014  4.27872  4.23677  3.74874  3.31613  1.33651  5.36847  4.18715     66 v - - -
          2.68618  4.42225  2.77519  2.73123  3.46354  2.40513  3.72494  3.29354  2.67741  2.69355  4.24690  2.90347  2.73739  3.18146  2.89801  2.37887  2.77519  2.98518  4.58477  3.61503
          0.03002  3.91667  4.63902  0.61958  0.77255  0.48576  0.95510
     60   2.48764  4.59799  3.03509  2.53000  3.87232  3.37847  3.66151  3.25205  2.40471  2.65423  3.75220  3.00884  3.80935  2.47584  2.85152  2.35427  2.41409  2.95765  5.18417  3.89381     67 s - - -
          2.68618  4.42225  2.77519  2.73123  3.46354  2.40513  3.72494  3.29354  2.67741  2.69355  4.24690  2.90347  2.73739  3.18146  2.89801  2.37887  2.77519  2.98518  4.58477  3.61503
          0.03002  3.91667  4.63902  0.61958  0.77255  0.48576  0.95510
     61   2.75993  4.75818  2.73260  2.62245  4.12860  3.21349  3.95646  3.84835  2.86377  3.49017  4.44505  1.08215  3.86745  3.22918  3.22003  2.82536  3.14317  3.46610  5.42943  4.07367     68 n - - -
          2.68618  4.42225  2.77519  2.73123  3.46354  2.40513  3.72494  3.29354  2.67741  2.69355  4.24690  2.90347  2.73739  3.18146  2.89801  2.37887  2.77519  2.98518  4.58477  3.61503
          0.03002  3.91667  4.63902  0.61958  0.77255  0.48576  0.95510
     62   2.81006  4.56025  3.42197  3.26724  4.25893  3.24525  4.34121  3.81552  3.32828  3.43765  4.48927  3.56958  0.74941  3.71572  3.56896  2.97889  3.25506  3.45588  5.43355  4.38015     69 p - - -
          2.68618  4.42225  2.77519  2.73123  3.46354  2.40513  3.72494  3.29354  2.67741  2.69355  4.24690  2.90347  2.73739  3.18146  2.89801  2.37887  2.77519  2.98518  4.58477  3.61503
          0.03002  3.91667  4.63902  0.61958  0.77255  0.48576  0.95510
     63   2.86797  5.39501  1.74312  1.45713  4.69777  2.97871  3.71453  4.20090  2.70133  3.71229  4.55322  2.66717  3.80101  2.87711  3.27746  2.76740  3.15201  3.78177  5.87513  4.39210     70 e - - -
          2.68618  4.42225  2.77519  2.73123  3.46354  2.40513  3.72494  3.29354  2.67741  2.69355  4.24690  2.90347  2.73739  3.18146  2.89801  2.37887  2.77519  2.98518  4.58477  3.61503
          0.03002  3.91667  4.63902  0.61958  0.77255  0.48576  0.95510
     64   2.66567  5.02870  2.56926  2.22317  4.32179  2.84646  3.43737  3.77081  2.36632  3.30902  4.10852  2.18945  3.77948  2.52675  2.64527  2.64016  2.90549  3.39783  5.49000  4.11280     71 n - - -
          2.68618  4.42225  2.77519  2.73123  3.46354  2.40513  3.72494  3.29354  2.67741  2.69355  4.24690  2.90347  2.73739  3.18146  2.89801  2.37887  2.77519  2.98518  4.58477  3.61503
          0.03002  3.91667  4.63902  0.61958  0.77255  0.48576  0.95510
     65   2.29421  4.19520  3.35854  3.09024  4.05164  3.01573  4.13741  3.27069  3.05860  3.11583  4.05081  3.29113  3.73318  3.43011  3.34061  2.34264  1.29119  2.88622  5.46459  4.21320     72 t - - -
          2.68618  4.42225  2.77519  2.73123  3.46354  2.40513  3.72494  3.29354  2.67741  2.69355  4.24690  2.90347  2.73739  3.18146  2.89801  2.37887  2.77519  2.98518  4.58477  3.61503
          0.03002  3.91667  4.63902  0.61958  0.77255  0.48576  0.95510
     66   3.03792  4.38802  4.64470  4.15169  3.47769  4.32126  4.88174  1.25241  4.02773  1.98415  3.29851  4.38768  4.65518  4.30368  4.23692  3.70685  3.30871  1.36858  5.43309  4.22594     73 i - - -
          2.68618  4.42225  2.77519  2.73123  3.46354  2.40513  3.72494  3.29354  2.67741  2.69355  4.24690  2.90347  2.73739  3.18146  2.89801  2.37887  2.77519  2.98518  4.58477  3.61503
          0.03002  3.91667  4.63902  0.61958  0.77255  0.48576  0.95510
     67   2.44078  4.27747  3.37884  2.81215  3.18687  3.50349  3.75064  2.62531  2.75581  2.48530  3.24283  3.22582  3.88405  2.85773  2.95029  2.67028  2.61324  2.55016  4.85002  2.93368     74 a - - -
          2.68618  4.42225  2.77519  2.73123  3.46354  2.40513  3.72494  3.29354  2.67741  2.69355  4.24690  2.90347  2.73739  3.18146  2.89801  2.37887  2.77519  2.98518  4.58477  3.61503
          0.03002  3.91667  4.63902  0.61958  0.77255  0.48576  0.95510
     68   1.62322  4.13045  3.32878  3.04884  4.23293  2.72926  4.14253  3.62139  3.11866  3.33169  4.16356  3.22886  3.64545  3.41081  3.43791  1.49963  2.66566  3.09463  5.57827  4.35777     75 s - - -
          2.68618  4.42225  2.77519  2.73123  3.46354  2.40513  3.72494  3.29354  2.67741  2.69355  4.24690  2.90347  2.73739  3.18146  2.89801  2.37887  2.77519  2.98518  4.58477  3.61503
          0.03002  3.91667  4.63902  0.61958  0.77255  0.48576  0.95510
     69   2.24954  4.30504  4.08275  3.64365  3.52781  3.79442  4.46839  1.34787  3.52842  2.20011  3.41164  3.89009  4.28111  3.85692  3.77640  3.18925  3.08258  1.87000  5.28569  4.06045     76 i - - -
          2.68618  4.42225  2.77519  2.73123  3.46354  2.40513  3.72494  3.29354  2.67741  2.69355  4.24690  2.90347  2.73739  3.18146  2.89801  2.37887  2.77519  2.98518  4.58477  3.61503
          0.03002  3.91667  4.63902  0.61958  0.77255  0.48576  0.95510
     70   3.01228  4.97809  3.19124  2.80427  4.37462  3.49714  3.78343  3.80662  0.97941  3.36199  4.32095  3.22684  3.99426  2.97231  2.43975  3.05130  3.26221  3.51187  5.41102  4.23009     77 k - - -
          2.68618  4.42225  2.77519  2.73123  3.46354  2.40513  3.72494  3.29354  2.67741  2.69355  4.24690  2.90347  2.73739  3.18146  2.89801  2.37887  2.77519  2.98518  4.58477  3.61503
          0.03002  3.91667  4.63902  0.61958  0.77255  0.48576  0.95510
     71   3.05512  4.89148  3.55026  3.05192  4.25726  3.53486  3.85604  3.80188  2.25487  3.30977  4.30865  3.40837  4.03515  3.07404  0.91298  3.13707  3.31798  3.52388  5.32229  4.17485     78 r - - -
          2.68618  4.42225  2.77519  2.73123  3.46354  2.40513  3.72494  3.29354  2.67741  2.69355  4.24690  2.90347  2.73739  3.18146  2.89801  2.37887  2.77519  2.98518  4.58477  3.61503
          0.03002  3.91667  4.63902  0.61958  0.77255  0.48576  0.95510
     72   2.77665  4.94062  2.92715  2.50077  4.15104  3.43728  2.23019  3.68109  1.81560  3.22529  4.07589  2.98379  3.87664  2.78015  2.48972  2.64633  3.00387  3.35494  5.32246  3.99618     79 k - - -
          2.68618  4.42225  2.77519  2.73123  3.46354  2.40513  3.72494  3.29354  2.67741  2.69355  4.24690  2.90347  2.73739  3.18146  2.89801  2.37887  2.77519  2.98518  4.58477  3.61503
          0.03002  3.91667  4.63902  0.61958  0.77255  0.48576  0.95510
     73   3.02250  4.51650  4.26388  3.76188  3.14382  4.06906  4.46443  2.12943  3.54030  1.65336  1.53875  4.05090  4.42730  3.86234  3.75109  3.44122  3.28958  2.23523  5.07009  3.86376     80 m - - -
          2.68618  4.42225  2.77519  2.73123  3.46354  2.40513  3.72494  3.29354  2.67741  2.69355  4.24690  2.90347  2.73739  3.18146  2.89801  2.37887  2.77519  2.98518  4.58477  3.61503
          0.03002  3.91667  4.63902  0.61958  0.77255  0.48576  0.95510
     74   2.71997  4.49122  3.40281  3.30773  4.44959  0.66405  4.42547  4.05980  3.49503  3.70843  4.68440  3.56705  3.88378  3.81566  3.72639  2.89312  3.20464  3.57958  5.53324  4.55292     81 G - - -
          2.68618  4.42225  2.77519  2.73123  3.46354  2.40513  3.72494  3.29354  2.67741  2.69355  4.24690  2.90347  2.73739  3.18146  2.89801  2.37887  2.77519  2.98518  4.58477  3.61503
          0.22353  3.91667  1.71256  0.61958  0.77255  0.48576  0.95510
     75   2.78613  5.12969  2.03617  1.47484  4.42664  3.14558  3.66829  3.87810  2.61316  3.47261  4.35564  2.66747  3.74505  2.85031  3.11911  2.72434  3.07441  3.51646  5.64178  4.22975     82 e - - -
          2.68618  4.42225  2.77519  2.73123  3.46354  2.40513  3.72494  3.29354  2.67741  2.69355  4.24690  2.90347  2.73739  3.18146  2.89801  2.37887  2.77519  2.98518  4.58477  3.61503
          0.03631  3.72946  4.45180  0.61958  0.77255  0.40176  1.10606
     76   2.37538  4.83585  2.46340  2.18415  4.17698  3.13389  3.63175  3.60914  2.46504  3.19321  4.00219  2.85051  3.46158  2.78160  2.94601  2.45035  2.36411  3.24777  5.41585  4.05601     83 e - - -
          2.68618  4.42225  2.77519  2.73123  3.46354  2.40513  3.72494  3.29354  2.67741  2.69355  4.24690  2.90347  2.73739  3.18146  2.89801  2.37887  2.77519  2.98518  4.58477  3.61503
          0.03002  3.91667  4.63902  0.61958  0.77255  0.48576  0.95510
     77   2.85074  5.36640  1.48661  2.01148  4.68212  2.88979  3.71336  4.18966  2.70453  3.69985  4.53776  2.21441  3.79591  2.87638  3.28342  2.75526  3.13817  3.76744  5.86984  4.38432     84 d - - -
          2.68618  4.42225  2.77519  2.73123  3.46354  2.40513  3.72494  3.29354  2.67741  2.69355  4.24690  2.90347  2.73739  3.18146  2.89801  2.37887  2.77519  2.98518  4.58477  3.61503
          0.03002  3.91667  4.63902  0.61958  0.77255  0.48576  0.95510
     78   2.96393  4.65819  3.52638  3.09095  2.52214  3.73984  3.25714  3.24263  2.82675  2.77706  3.80053  3.40299  4.14132  3.27262  2.85034  3.08280  3.19754  3.03763  4.12690  1.41486     85 y - - -
          2.68618  4.42225  2.77519  2.73123  3.46354  2.40513  3.72494  3.29354  2.67741  2.69355  4.24690  2.90347  2.73739  3.18146  2.89801  2.37887  2.77519  2.98518  4.58477  3.61503
          0.03002  3.91667  4.63902  0.61958  0.77255  0.48576  0.95510
     79   2.61670  4.66764  3.09561  2.58529  4.01573  3.39236  3.67212  3.15573  1.79101  3.00446  3.86929  3.04431  3.83935  2.84915  2.67230  2.61976  2.31235  3.02738  5.27029  3.99183     86 k - - -
          2.68618  4.42225  2.77519  2.73123  3.46354  2.40513  3.72494  3.29354  2.67741  2.69355  4.24690  2.90347  2.73739  3.18146  2.89801  2.37887  2.77519  2.98518  4.58477  3.61503
          0.03002  3.91667  4.63902  0.61958  0.77255  0.48576  0.95510
     80   2.85234  4.31413  4.16547  3.63964  2.48992  3.94111  4.11097  2.23266  3.52809  2.00480  3.20781  3.86976  4.29567  3.75966  3.74091  3.26033  3.09893  1.45582  4.63595  3.02081     87 v - - -
          2.68618  4.42225  2.77519  2.73123  3.46354  2.40513  3.72494  3.29354  2.67741  2.69355  4.24690  2.90347  2.73739  3.18146  2.89801  2.37887  2.77519  2.98518  4.58477  3.61503
          0.03002  3.91667  4.63902  0.61958  0.77255  0.48576  0.95510
     81   2.52150  4.97181  2.61499  2.07403  4.27055  3.33040  3.59912  3.70453  2.00434  3.25968  4.06356  2.73335  3.78053  2.73697  2.81224  2.63486  2.51311  3.34138  5.45290  4.08828     88 k - - -
          2.68618  4.42225  2.77519  2.73123  3.46354  2.40513  3.72494  3.29354  2.67741  2.69355  4.24690  2.90347  2.73739  3.18146  2.89801  2.37887  2.77519  2.98518  4.58477  3.61503
          0.03002  3.91667  4.63902  0.61958  0.77255  0.48576  0.95510
     82   2.83585  4.37451  4.48879  3.94449  3.32577  4.23397  4.64393  1.65969  3.82907  1.47087  3.15042  4.21527  4.53394  4.07015  4.04182  3.57037  3.23868  1.59200  5.22436  4.06361     89 l - - -
          2.68618  4.42225  2.77519  2.73123  3.46354  2.40513  3.72494  3.29354  2.67741  2.69355  4.24690  2.90347  2.73739  3.18146  2.89801  2.37887  2.77519  2.98518  4.58477  3.61503
          0.03002  3.91667  4.63902  0.61958  0.77255  0.48576  0.95510
     83   2.58423  4.80905  2.66366  2.30965  3.33607  2.82062  3.38985  3.47574  2.41157  3.07213  3.88705  2.70482  3.77412  2.53307  2.88028  2.53668  2.82038  3.14671  5.30695  3.95988     90 e - - -
          2.68618  4.42225  2.77519  2.73123  3.46354  2.40513  3.72494  3.29354  2.67741  2.69355  4.24690  2.90347  2.73739  3.18146  2.89801  2.37887  2.77519  2.98518  4.58477  3.61503
          0.03002  3.91667  4.63902  0.61958  0.77255  0.48576  0.95510
     84   2.71918  4.90565  1.83101  2.32470  4.50419  1.58595  3.85853  4.00787  2.85996  3.59910  4.46187  2.85111  3.79640  3.05825  3.36782  2.72629  3.07483  3.57376  5.71661  4.36690     91 g - - -
          2.68618  4.42225  2.77519  2.73123  3.46354  2.40513  3.72494  3.29354  2.67741  2.69355  4.24690  2.90347  2.73739  3.18146  2.89801  2.37887  2.77519  2.98518  4.58477  3.61503
          0.03002  3.91667  4.63902  0.61958  0.77255  0.48576  0.95510
     85   2.74002  5.12817  2.34833  2.05850  4.44326  3.31481  3.61835  3.88456  1.69945  3.41046  4.22175  2.79875  3.80222  2.75678  2.79483  2.69700  2.87882  3.50519  5.57332  4.19385     92 k - - -
          2.68618  4.42225  2.77519  2.73123  3.46354  2.40513  3.72494  3.29354  2.67741  2.69355  4.24690  2.90347  2.73739  3.18146  2.89801  2.37887  2.77519  2.98518  4.58477  3.61503
          0.03002  3.91667  4.63902  0.61958  0.77255  0.48576  0.95510
     86   2.74298  5.21662  2.09743  1.65665  4.50596  3.26404  3.31442  3.98496  2.38864  3.49540  4.29711  2.73001  3.78037  2.68256  2.99309  2.67852  2.88771  3.58301  5.66127  4.23136     93 e - - -
          2.68618  4.42225  2.77519  2.73123  3.46354  2.40513  3.72494  3.29354  2.67741  2.69355  4.24690  2.90347  2.73739  3.18146  2.89801  2.37887  2.77519  2.98518  4.58477  3.61503
          0.03002  3.91667  4.63902  0.61958  0.77255  0.48576  0.95510
     87   3.09120  4.62896  3.86208  3.44683  2.04163  3.90971  3.50137  3.15126  3.35317  2.67450  3.77028  3.18610  4.29277  3.58042  3.59037  3.24069  3.33388  2.98072  3.83769  1.25668     94 y - - -
          2.68618  4.42225  2.77519  2.73123  3.46354  2.40513  3.72494  3.29354  2.67741  2.69355  4.24690  2.90347  2.73739  3.18146  2.89801  2.37887  2.77519  2.98518  4.58477  3.61503
          0.03002  3.91667  4.63902  0.61958  0.77255  0.48576  0.95510
     88   2.55449  4.50878  3.09217  2.73379  4.02001  3.26710  3.83855  3.27829  2.27673  3.02368  3.93961  3.13144  3.83381  3.05845  2.87098  2.67993  1.58803  2.96900  5.33876  4.07702     95 t - - -
          2.68618  4.42225  2.77519  2.73123  3.46354  2.40513  3.72494  3.29354  2.67741  2.69355  4.24690  2.90347  2.73739  3.18146  2.89801  2.37887  2.77519  2.98518  4.58477  3.61503
          0.03002  3.91667  4.63902  0.61958  0.77255  0.48576  0.95510
     89   2.81006  4.56025  3.42197  3.26724  4.25893  3.24525  4.34121  3.81552  3.32828  3.43765  4.48927  3.56958  0.74941  3.71572  3.56896  2.97889  3.25506  3.45588  5.43355  4.38015     96 p - - -
          2.68618  4.42225  2.77519  2.73123  3.46354  2.40513  3.72494  3.29354  2.67741  2.69355  4.24690  2.90347  2.73739  3.18146  2.89801  2.37887  2.77519  2.98518  4.58477  3.61503
          0.03002  3.91667  4.63902  0.61958  0.77255  0.48576  0.95510
     90   2.82506  5.14236  2.51491  1.86215  4.43219  3.32547  3.66319  3.89080  2.37671  3.41606  4.27614  2.83250  3.84406  1.79489  2.76303  2.78412  3.07519  3.53759  5.57642  4.21479     97 q - - -
          2.68618  4.42225  2.77519  2.73123  3.46354  2.40513  3.72494  3.29354  2.67741  2.69355  4.24690  2.90347  2.73739  3.18146  2.89801  2.37887  2.77519  2.98518  4.58477  3.61503
          0.03002  3.91667  4.63902  0.61958  0.77255  0.48576  0.95510
     91   2.82351  5.17148  2.46669  1.65340  4.46067  3.30904  3.66455  3.92406  2.40805  3.44633  4.30119  2.80808  3.83544  2.01856  2.81414  2.77472  3.07635  3.56277  5.60719  4.23118     98 e - - -
          2.68618  4.42225  2.77519  2.73123  3.46354  2.40513  3.72494  3.29354  2.67741  2.69355  4.24690  2.90347  2.73739  3.18146  2.89801  2.37887  2.77519  2.98518  4.58477  3.61503
          0.03002  3.91667  4.63902  0.61958  0.77255  0.48576  0.95510
     92   3.04021  4.40341  4.61415  4.13055  3.44979  4.29453  4.85968  1.17240  3.99402  1.95271  3.28022  4.36697  4.63992  4.27799  4.20166  3.68645  3.31531  1.50868  5.41127  4.19909     99 i - - -
          2.68618  4.42225  2.77519  2.73123  3.46354  2.40513  3.72494  3.29354  2.67741  2.69355  4.24690  2.90347  2.73739  3.18146  2.89801  2.37887  2.77519  2.98518  4.58477  3.61503
          0.03002  3.91667  4.63902  0.61958  0.77255  0.48576  0.95510
     93   2.33666  4.25772  3.24472  3.06236  4.12025  2.98678  4.17108  3.64875  3.13911  3.36552  4.28781  3.28020  3.72919  3.48494  3.42390  1.02634  2.82006  3.17419  5.48917  4.20396    100 s - - -
          2.68618  4.42225  2.77519  2.73123  3.46354  2.40513  3.72494  3.29354  2.67741  2.69355  4.24690  2.90347  2.73739  3.18146  2.89801  2.37887  2.77519  2.98518  4.58477  3.61503
          0.03002  3.91667  4.63902  0.61958  0.77255  0.48576  0.95510
     94   1.13667  4.12011  3.40241  3.16124  4.15594  2.92525  4.21112  3.41981  3.19834  3.24230  4.13696  3.29817  3.67815  3.51180  3.47786  2.15939  2.69685  2.96424  5.55301  4.32505    101 a - - -
          2.68618  4.42225  2.77519  2.73123  3.46354  2.40513  3.72494  3.29354  2.67741  2.69355  4.24690  2.90347  2.73739  3.18146  2.89801  2.37887  2.77519  2.98518  4.58477  3.61503
          0.03002  3.91667  4.63902  0.61958  0.77255  0.48576  0.95510
     95   2.63959  4.23213  3.71414  3.15289  2.47101  3.64988  3.61223  2.62194  3.01136  2.21962  2.26891  3.47353  4.02044  3.32547  3.04421  2.92774  2.87221  2.46317  4.61624  3.27418    102 l - - -
          2.68618  4.42225  2.77519  2.73123  3.46354  2.40513  3.72494  3.29354  2.67741  2.69355  4.24690  2.90347  2.73739  3.18146  2.89801  2.37887  2.77519  2.98518  4.58477  3.61503
          0.03002  3.91667  4.63902  0.61958  0.77255  0.48576  0.95510
     96   3.06548  4.47179  4.39860  4.01597  3.40390  4.11431  4.73581  1.02483  3.84496  1.98078  3.33226  4.25510  4.54118  4.18863  4.03647  3.61378  3.36382  1.84736  5.30395  4.04613    103 i - - -
          2.68618  4.42225  2.77519  2.73123  3.46354  2.40513  3.72494  3.29354  2.67741  2.69355  4.24690  2.90347  2.73739  3.18146  2.89801  2.37887  2.77519  2.98518  4.58477  3.61503
          0.03002  3.91667  4.63902  0.61958  0.77255  0.48576  0.95510
     97   3.20472  4.65381  4.26046  3.90038  3.15243  4.03832  4.54223  2.35874  3.66769  0.82265  3.16132  4.17158  4.46599  4.02545  3.83659  3.61413  3.49691  2.40757  5.04790  3.78147    104 l - - -
          2.68618  4.42225  2.77519  2.73123  3.46354  2.40513  3.72494  3.29354  2.67741  2.69355  4.24690  2.90347  2.73739  3.18146  2.89801  2.37887  2.77519  2.98518  4.58477  3.61503
          0.03002  3.91667  4.63902  0.61958  0.77255  0.48576  0.95510
     98   2.84738  4.95878  2.99198  2.58939  4.22921  3.45241  3.66052  3.72968  2.16522  3.23629  4.14249  3.05023  3.91637  1.54007  2.25063  2.86648  3.08465  3.42036  5.36743  4.08127    105 q - - -
          2.68618  4.42225  2.77519  2.73123  3.46354  2.40513  3.72494  3.29354  2.67741  2.69355  4.24690  2.90347  2.73739  3.18146  2.89801  2.37887  2.77519  2.98518  4.58477  3.61503
          0.03002  3.91667  4.63902  0.61958  0.77255  0.48576  0.95510
     99   3.01228  4.97809  3.19124  2.80427  4.37462  3.49714  3.78343  3.80662  0.97941  3.36199  4.32095  3.22684  3.99426  2.97231  2.43975  3.05130  3.26221  3.51187  5.41102  4.23009    106 k - - -
          2.68618  4.42225  2.77519  2.73123  3.46354  2.40513  3.72494  3.29354  2.67741  2.69355  4.24690  2.90347  2.73739  3.18146  2.89801  2.37887  2.77519  2.98518  4.58477  3.61503
          0.03002  3.91667  4.63902  0.61958  0.77255  0.48576  0.95510
    100   3.13816  4.48749  4.63483  4.12498  3.24578  4.38665  4.77754  1.29077  3.94968  1.47299  3.09818  4.38877  4.66148  4.21017  4.13480  3.76292  3.38757  1.84227  5.24231  4.04218    107 i - - -
          2.68618  4.42225  2.77519  2.73123  3.46354  2.40513  3.72494  3.29354  2.67741  2.69355  4.24690  2.90347  2.73739  3.18146  2.89801  2.37887  2.77519  2.98518  4.58477  3.61503
          0.03002  3.91667  4.63902  0.61958  0.77255  0.48576  0.95510
    101   3.01228  4.97809  3.19124  2.80427  4.37462  3.49714  3.78343  3.80662  0.97941  3.36199  4.32095  3.22684  3.99426  2.97231  2.43975  3.05130  3.26221  3.51187  5.41102  4.23009    108 k - - -
          2.68618  4.42225  2.77519  2.73123  3.46354  2.40513  3.72494  3.29354  2.67741  2.69355  4.24690  2.90347  2.73739  3.18146  2.89801  2.37887  2.77519  2.98518  4.58477  3.61503
          0.03002  3.91667  4.63902  0.61958  0.77255  0.48576  0.95510
    102   2.45691  4.93259  2.81371  2.38679  4.23423  3.39871  3.42681  3.65710  2.00442  3.20049  4.00254  2.90306  3.79804  2.54687  2.26065  2.64295  2.72763  3.30357  5.37768  4.04789    109 k - - -
          2.68618  4.42225  2.77519  2.73123  3.46354  2.40513  3.72494  3.29354  2.67741  2.69355  4.24690  2.90347  2.73739  3.18146  2.89801  2.37887  2.77519  2.98518  4.58477  3.61503
          0.03002  3.91667  4.63902  0.61958  0.77255  0.48576  0.95510
    103   2.94750  5.33866  1.09134  2.06642  4.65956  3.19372  3.81206  4.16844  2.86483  3.74724  4.65654  2.72379  3.83912  3.00605  3.43676  2.85844  3.26016  3.77944  5.86697  4.42458    110 d - - -
          2.68618  4.42225  2.77519  2.73123  3.46354  2.40513  3.72494  3.29354  2.67741  2.69355  4.24690  2.90347  2.73739  3.18146  2.89801  2.37887  2.77519  2.98518  4.58477  3.61503
          0.03002  3.91667  4.63902  0.61958  0.77255  0.48576  0.95510
    104   0.95191  4.21401  3.50735  3.30052  4.09627  3.03740  4.31736  3.22839  3.31790  3.10797  4.13484  3.43900  3.78078  3.65499  3.56548  2.56387  2.84428  2.87515  5.51901  4.32413    111 a - - -
          2.68618  4.42225  2.77519  2.73123  3.46354  2.40513  3.72494  3.29354  2.67741  2.69355  4.24690  2.90347  2.73739  3.18146  2.89801  2.37887  2.77519  2.98518  4.58477  3.61503
          0.03002  3.91667  4.63902  0.61958  0.77255  0.48576  0.95510
    105   2.99011  5.11053  2.50601  0.96416  4.46226  3.30242  3.89284  3.92492  2.77891  3.53487  4.50679  2.95776  3.90904  3.10747  3.19245  2.96792  3.29463  3.60414  5.62550  4.34757    112 e - - -
          2.68618  4.42225  2.77519  2.73123  3.46354  2.40513  3.72494  3.29354  2.67741  2.69355  4.24690  2.90347  2.73739  3.18146  2.89801  2.37887  2.77519  2.98518  4.58477  3.61503
          0.03002  3.91667  4.63902  0.61958  0.77255  0.48576  0.95510
    106   1.71412  4.79345  2.49542  2.01552  4.20306  3.24060  3.74035  3.55555  2.62720  3.22719  4.08620  2.87152  3.79511  2.92509  3.08439  2.67175  2.93955  3.21470  5.48894  4.14171    113 a - - -
          2.68618  4.42225  2.77519  2.73123  3.46354  2.40513  3.72494  3.29354  2.67741  2.69355  4.24690  2.90347  2.73739  3.18146  2.89801  2.37887  2.77519  2.98518  4.58477  3.61503
          0.03002  3.91667  4.63902  0.61958  0.77255  0.48576  0.95510
    107   3.45698  4.76192  4.42041  4.06614  1.46946  4.24029  3.44624  3.17939  3.92703  2.54465  3.79201  3.94179  4.56402  3.96784  4.01707  3.60052  3.68431  3.09724  3.61632  1.20118    114 y - - -
          2.68618  4.42225  2.77519  2.73123  3.46354  2.40513  3.72494  3.29354  2.67741  2.69355  4.24690  2.90347  2.73739  3.18146  2.89801  2.37887  2.77519  2.98518  4.58477  3.61503
          0.03002  3.91667  4.63902  0.61958  0.77255  0.48576  0.95510
    108   3.13942  4.53943  4.54217  4.01469  3.14512  4.31669  4.68195  1.96465  3.83739  1.04593  2.98797  4.29932  4.59624  4.08349  4.03004  3.67624  3.38859  1.92051  5.15953  3.99026    115 l - - -
          2.68618  4.42225  2.77519  2.73123  3.46354  2.40513  3.72494  3.29354  2.67741  2.69355  4.24690  2.90347  2.73739  3.18146  2.89801  2.37887  2.77519  2.98518  4.58477  3.61503
          0.03002  3.91667  4.63902  0.61958  0.77255  0.48576  0.95510
    109   2.71997  4.49122  3.40281  3.30773  4.44959  0.66405  4.42547  4.05980  3.49503  3.70843  4.68440  3.56705  3.88378  3.81566  3.72639  2.89312  3.20464  3.57958  5.53324  4.55292    116 G - - -
          2.68618  4.42225  2.77519  2.73123  3.46354  2.40513  3.72494  3.29354  2.67741  2.69355  4.24690  2.90347  2.73739  3.18146  2.89801  2.37887  2.77519  2.98518  4.58477  3.61503
          0.03002  3.91667  4.63902  0.61958  0.77255  0.48576  0.95510
    110   2.85145  5.37324  1.92812  1.42192  4.65137  3.21601  3.69166  4.15103  2.63407  3.65781  4.49280  2.67855  3.80072  2.62771  3.18245  2.75586  3.12466  3.74124  5.82314  4.35150    117 e - - -
          2.68618  4.42225  2.77519  2.73123  3.46354  2.40513  3.72494  3.29354  2.67741  2.69355  4.24690  2.90347  2.73739  3.18146  2.89801  2.37887  2.77519  2.98518  4.58477  3.61503
          0.03002  3.91667  4.63902  0.61958  0.77255  0.48576  0.95510
    111   2.64687  5.01890  2.36978  1.99564  4.31418  3.30200  3.60262  3.76374  2.28857  3.31025  4.10697  2.79517  3.08700  2.73801  2.90413  2.62140  2.46671  3.38691  5.50132  4.11188    118 e - - -
          2.68618  4.42225  2.77519  2.73123  3.46354  2.40513  3.72494  3.29354  2.67741  2.69355  4.24690  2.90347  2.73739  3.18146  2.89801  2.37887  2.77519  2.98518  4.58477  3.61503
          0.03002  3.91667  4.63902  0.61958  0.77255  0.48576  0.95510
    112   3.03271  4.38098  4.64583  4.15066  3.49065  4.32191  4.88279  1.32579  4.03041  2.00314  3.31041  4.38654  4.65522  4.30621  4.24136  3.70565  3.30288  1.28092  5.43969  4.23148    119 v - - -
          2.68618  4.42225  2.77519  2.73123  3.46354  2.40513  3.72494  3.29354  2.67741  2.69355  4.24690  2.90347  2.73739  3.18146  2.89801  2.37887  2.77519  2.98518  4.58477  3.61503
          0.03002  3.91667  4.63902  0.61958  0.77255  0.48576  0.95510
    113   2.68545  5.01711  2.64134  1.90981  4.33378  3.15996  3.60912  3.76934  2.03027  3.31237  4.12086  2.66152  3.79328  2.74839  2.77926  2.66476  2.59642  3.40120  5.49257  4.13035    120 e - - -
          2.68618  4.42225  2.77519  2.73123  3.46354  2.40513  3.72494  3.29354  2.67741  2.69355  4.24690  2.90347  2.73739  3.18146  2.89801  2.37887  2.77519  2.98518  4.58477  3.61503
          0.03002  3.91667  4.63902  0.61958  0.77255  0.48576  0.95510
    114   2.75923  5.12418  2.55777  2.20067  4.45082  3.36367  3.59713  3.88660  1.75418  3.39115  4.20259  2.84540  3.82256  2.21330  2.62978  2.72073  2.98834  3.51241  5.53202  4.18412    121 k - - -
          2.68618  4.42225  2.77519  2.73123  3.46354  2.40513  3.72494  3.29354  2.67741  2.69355  4.24690  2.90347  2.73739  3.18146  2.89801  2.37887  2.77519  2.98518  4.58477  3.61503
          0.03002  3.91667  4.63902  0.61958  0.77255  0.48576  0.95510
    115   1.11401  4.13894  3.48107  3.22997  4.10369  2.98101  4.25448  3.17048  3.22845  3.08384  4.05826  3.35934  3.72566  3.55931  3.49591  2.45638  2.55022  2.79785  5.55058  4.33521    122 a - - -
          2.68618  4.42225  2.77519  2.73123  3.46354  2.40513  3.72494  3.29354  2.67741  2.69355  4.24690  2.90347  2.73739  3.18146  2.89801  2.37887  2.77519  2.98518  4.58477  3.61503
          0.03002  3.91667  4.63902  0.61958  0.77255  0.48576  0.95510
    116   2.84290  4.37312  4.18653  3.85089  3.58229  3.76966  4.64494  2.04799  3.71935  2.26156  3.54060  4.03366  4.32761  4.07590  3.92761  3.27586  3.20331  0.97098  5.37424  4.10866    123 v - - -
          2.68618  4.42225  2.77519  2.73123  3.46354  2.40513  3.72494  3.29354  2.67741  2.69355  4.24690  2.90347  2.73739  3.18146  2.89801  2.37887  2.77519  2.98518  4.58477  3.61503
          0.03002  3.91667  4.63902  0.61958  0.77255  0.48576  0.95510
    117   3.06548  4.47179  4.39860  4.01597  3.40390  4.11431  4.73581  1.02483  3.84496  1.98078  3.33226  4.25510  4.54118  4.18863  4.03647  3.61378  3.36382  1.84736  5.30395  4.04613    124 i - - -
          2.68618  4.42225  2.77519  2.73123  3.46354  2.40513  3.72494  3.29354  2.67741  2.69355  4.24690  2.90347  2.73739  3.18146  2.89801  2.37887  2.77519  2.98518  4.58477  3.61503
          0.03002  3.91667  4.63902  0.61958  0.77255  0.48576  0.95510
    118   2.43637  4.28157  3.46717  3.22107  4.00774  3.11943  4.23504  3.14025  3.16492  3.00218  4.04976  3.42346  3.82661  3.55750  3.42156  2.63812  1.09916  2.83051  5.44166  4.22433    125 t - - -
          2.68618  4.42225  2.77519  2.73123  3.46354  2.40513  3.72494  3.29354  2.67741  2.69355  4.24690  2.90347  2.73739  3.18146  2.89801  2.37887  2.77519  2.98518  4.58477  3.61503
          0.03002  3.91667  4.63902  0.61958  0.77255  0.48576  0.95510
    119   2.84290  4.37312  4.18653  3.85089  3.58229  3.76966  4.64494  2.04799  3.71935  2.26156  3.54060  4.03366  4.32761  4.07590  3.92761  3.27586  3.20331  0.97098  5.37424  4.10866    126 v - - -
          2.68618  4.42225  2.77519  2.73123  3.46354  2.40513  3.72494  3.29354  2.67741  2.69355  4.24690  2.90347  2.73739  3.18146  2.89801  2.37887  2.77519  2.98518  4.58477  3.61503
          0.03002  3.91667  4.63902  0.61958  0.77255  0.48576  0.95510
    120   2.81006  4.56025  3.42197  3.26724  4.25893  3.24525  4.34121  3.81552  3.32828  3.43765  4.48927  3.56958  0.74941  3.71572  3.56896  2.97889  3.25506  3.45588  5.43355  4.38015    127 p - - -
          2.68618  4.42225  2.77519  2.73123  3.46354  2.40513  3.72494  3.29354  2.67741  2.69355  4.24690  2.90347  2.73739  3.18146  2.89801  2.37887  2.77519  2.98518  4.58477  3.61503
          0.03002  3.91667  4.63902  0.61958  0.77255  0.48576  0.95510
    121   0.95191  4.21401  3.50735  3.30052  4.09627  3.03740  4.31736  3.22839  3.31790  3.10797  4.13484  3.43900  3.78078  3.65499  3.56548  2.56387  2.84428  2.87515  5.51901  4.32413    128 a - - -
          2.68618  4.42225  2.77519  2.73123  3.46354  2.40513  3.72494  3.29354  2.67741  2.69355  4.24690  2.90347  2.73739  3.18146  2.89801  2.37887  2.77519  2.98518  4.58477  3.61503
          0.03002  3.91667  4.63902  0.61958  0.77255  0.48576  0.95510
    122   3.31085  4.78194  3.90340  3.64095  2.29464  3.88155  3.63911  3.31387  3.49719  2.75644  3.98429  3.77780  4.35430  3.79263  3.67190  3.44320  3.59771  3.18650  3.94014  0.89535    129 y - - -
          2.68618  4.42225  2.77519  2.73123  3.46354  2.40513  3.72494  3.29354  2.67741  2.69355  4.24690  2.90347  2.73739  3.18146  2.89801  2.37887  2.77519  2.98518  4.58477  3.61503
          0.03002  3.91667  4.63902  0.61958  0.77255  0.48576  0.95510
    123   3.31450  4.70325  4.29931  4.02209  0.94209  3.99414  3.89673  2.83262  3.92798  2.19244  3.55617  4.06894  4.45166  4.08375  4.03680  3.58223  3.61561  2.82658  4.13251  2.49391    130 f - - -
          2.68618  4.42225  2.77519  2.73123  3.46354  2.40513  3.72494  3.29354  2.67741  2.69355  4.24690  2.90347  2.73739  3.18146  2.89801  2.37887  2.77519  2.98518  4.58477  3.61503
          0.03002  3.91667  4.63902  0.61958  0.77255  0.48576  0.95510
    124   2.80461  5.14836  1.99406  2.18669  4.48872  3.19160  3.75713  4.04373  2.72830  3.60912  4.47074  1.49994  3.80654  2.94113  3.25256  2.75481  3.11569  3.63854  5.72985  4.28272    131 n - - -
          2.68618  4.42225  2.77519  2.73123  3.46354  2.40513  3.72494  3.29354  2.67741  2.69355  4.24690  2.90347  2.73739  3.18146  2.89801  2.37887  2.77519  2.98518  4.58477  3.61503
          0.03002  3.91667  4.63902  0.61958  0.77255  0.48576  0.95510
    125   3.03695  5.17227  0.85669  2.36247  4.55518  3.24403  3.96982  4.15338  3.06228  3.75379  4.73272  2.92111  3.89994  3.20895  3.58460  2.99423  3.37642  3.78781  5.71521  4.42061    132 d - - -
          2.68618  4.42225  2.77519  2.73123  3.46354  2.40513  3.72494  3.29354  2.67741  2.69355  4.24690  2.90347  2.73739  3.18146  2.89801  2.37887  2.77519  2.98518  4.58477  3.61503
          0.03002  3.91667  4.63902  0.61958  0.77255  0.48576  0.95510
    126   2.40044  4.83659  2.86510  2.41620  4.19233  3.35010  3.61887  3.60962  2.22078  3.18154  3.99976  2.26624  3.79817  2.76750  2.39192  2.45684  2.87635  3.25907  5.38025  4.05967    133 k - - -
          2.68618  4.42225  2.77519  2.73123  3.46354  2.40513  3.72494  3.29354  2.67741  2.69355  4.24690  2.90347  2.73739  3.18146  2.89801  2.37887  2.77519  2.98518  4.58477  3.61503
          0.03002  3.91667  4.63902  0.61958  0.77255  0.48576  0.95510
    127   2.91564  4.90297  2.93195  2.68716  4.07742  3.39509  3.84593  3.71475  2.50485  3.21274  4.23916  3.14736  3.94906  1.15751  2.78825  2.96143  3.21249  3.44162  5.34152  4.03812    134 q - - -
          2.68618  4.42225  2.77519  2.73123  3.46354  2.40513  3.72494  3.29354  2.67741  2.69355  4.24690  2.90347  2.73739  3.18146  2.89801  2.37887  2.77519  2.98518  4.58477  3.61503
          0.03002  3.91667  4.63902  0.61958  0.77255  0.48576  0.95510
    128   3.05512  4.89148  3.55026  3.05192  4.25726  3.53486  3.85604  3.80188  2.25487  3.30977  4.30865  3.40837  4.03515  3.07404  0.91298  3.13707  3.31798  3.52388  5.32229  4.17485    135 r - - -
          2.68618  4.42225  2.77519  2.73123  3.46354  2.40513  3.72494  3.29354  2.67741  2.69355  4.24690  2.90347  2.73739  3.18146  2.89801  2.37887  2.77519  2.98518  4.58477  3.61503
          0.03002  3.91667  4.63902  0.61958  0.77255  0.48576  0.95510
    129   2.72859  4.80496  2.86112  2.56611  4.13338  3.33389  3.75116  3.57298  2.39733  3.14361  4.09976  3.02775  3.87295  1.51126  2.70707  2.78001  2.80366  3.27104  5.40220  4.08239    136 q - - -
          2.68618  4.42225  2.77519  2.73123  3.46354  2.40513  3.72494  3.29354  2.67741  2.69355  4.24690  2.90347  2.73739  3.18146  2.89801  2.37887  2.77519  2.98518  4.58477  3.61503
          0.03002  3.91667  4.63902  0.61958  0.77255  0.48576  0.95510
    130   0.95191  4.21401  3.50735  3.30052  4.09627  3.03740  4.31736  3.22839  3.31790  3.10797  4.13484  3.43900  3.78078  3.65499  3.56548  2.56387  2.84428  2.87515  5.51901  4.32413    137 a - - -
          2.68618  4.42225  2.77519  2.73123  3.46354  2.40513  3.72494  3.29354  2.67741  2.69355  4.24690  2.90347  2.73739  3.18146  2.89801  2.37887  2.77519  2.98518  4.58477  3.61503
          0.03002  3.91667  4.63902  0.61958  0.77255  0.48576  0.95510
    131   2.43637  4.28157  3.46717  3.22107  4.00774  3.11943  4.23504  3.14025  3.16492  3.00218  4.04976  3.42346  3.82661  3.55750  3.42156  2.63812  1.09916  2.83051  5.44166  4.22433    138 t - - -
          2.68618  4.42225  2.77519  2.73123  3.46354  2.40513  3.72494  3.29354  2.67741  2.69355  4.24690  2.90347  2.73739  3.18146  2.89801  2.37887  2.77519  2.98518  4.58477  3.61503
          0.03002  3.91667  4.63902  0.61958  0.77255  0.48576  0.95510
    132   3.01228  4.97809  3.19124  2.80427  4.37462  3.49714  3.78343  3.80662  0.97941  3.36199  4.32095  3.22684  3.99426  2.97231  2.43975  3.05130  3.26221  3.51187  5.41102  4.23009    139 k - - -
          2.68618  4.42225  2.77519  2.73123  3.46354  2.40513  3.72494  3.29354  2.67741  2.69355  4.24690  2.90347  2.73739  3.18146  2.89801  2.37887  2.77519  2.98518  4.58477  3.61503
          0.03002  3.91667  4.63902  0.61958  0.77255  0.48576  0.95510
    133   3.03695  5.17227  0.85669  2.36247  4.55518  3.24403  3.96982  4.15338  3.06228  3.75379  4.73272  2.92111  3.89994  3.20895  3.58460  2.99423  3.37642  3.78781  5.71521  4.42061    140 d - - -
          2.68618  4.42225  2.77519  2.73123  3.46354  2.40513  3.72494  3.29354  2.67741  2.69355  4.24690  2.90347  2.73739  3.18146  2.89801  2.37887  2.77519  2.98518  4.58477  3.61503
          0.03002  3.91667  4.63902  0.61958  0.77255  0.48576  0.95510
    134   0.95191  4.21401  3.50735  3.30052  4.09627  3.03740  4.31736  3.22839  3.31790  3.10797  4.13484  3.43900  3.78078  3.65499  3.56548  2.56387  2.84428  2.87515  5.51901  4.32413    141 a - - -
          2.68618  4.42225  2.77519  2.73123  3.46354  2.40513  3.72494  3.29354  2.67741  2.69355  4.24690  2.90347  2.73739  3.18146  2.89801  2.37887  2.77519  2.98518  4.58477  3.61503
          0.03002  3.91667  4.63902  0.61958  0.77255  0.48576  0.95510
    135   2.71997  4.49122  3.40281  3.30773  4.44959  0.66405  4.42547  4.05980  3.49503  3.70843  4.68440  3.56705  3.88378  3.81566  3.72639  2.89312  3.20464  3.57958  5.53324  4.55292    142 G - - -
          2.68618  4.42225  2.77519  2.73123  3.46354  2.40513  3.72494  3.29354  2.67741  2.69355  4.24690  2.90347  2.73739  3.18146  2.89801  2.37887  2.77519  2.98518  4.58477  3.61503
          0.03002  3.91667  4.63902  0.61958  0.77255  0.48576  0.95510
    136   2.34415  4.73263  2.77161  2.07136  4.08434  3.30088  3.67503  3.47458  2.49179  3.10380  3.94144  2.91400  3.78825  2.73531  2.92380  2.56600  2.19226  3.14247  5.35704  4.03253    143 e - - -
          2.68618  4.42225  2.77519  2.73123  3.46354  2.40513  3.72494  3.29354  2.67741  2.69355  4.24690  2.90347  2.73739  3.18146  2.89801  2.37887  2.77519  2.98518  4.58477  3.61503
          0.03002  3.91667  4.63902  0.61958  0.77255  0.48576  0.95510
    137   3.06548  4.47179  4.39860  4.01597  3.40390  4.11431  4.73581  1.02483  3.84496  1.98078  3.33226  4.25510  4.54118  4.18863  4.03647  3.61378  3.36382  1.84736  5.30395  4.04613    144 i - - -
          2.68618  4.42225  2.77519  2.73123  3.46354  2.40513  3.72494  3.29354  2.67741  2.69355  4.24690  2.90347  2.73739  3.18146  2.89801  2.37887  2.77519  2.98518  4.58477  3.61503
          0.03002  3.91667  4.63902  0.61958  0.77255  0.48576  0.95510
    138   0.95191  4.21401  3.50735  3.30052  4.09627  3.03740  4.31736  3.22839  3.31790  3.10797  4.13484  3.43900  3.78078  3.65499  3.56548  2.56387  2.84428  2.87515  5.51901  4.32413    145 a - - -
          2.68618  4.42225  2.77519  2.73123  3.46354  2.40513  3.72494  3.29354  2.67741  2.69355  4.24690  2.90347  2.73739  3.18146  2.89801  2.37887  2.77519  2.98518  4.58477  3.61503
          0.03002  3.91667  4.63902  0.61958  0.77255  0.48576  0.95510
    139   2.71997  4.49122  3.40281  3.30773  4.44959  0.66405  4.42547  4.05980  3.49503  3.70843  4.68440  3.56705  3.88378  3.81566  3.72639  2.89312  3.20464  3.57958  5.53324  4.55292    146 G - - -
          2.68618  4.42225  2.77519  2.73123  3.46354  2.40513  3.72494  3.29354  2.67741  2.69355  4.24690  2.90347  2.73739  3.18146  2.89801  2.37887  2.77519  2.98518  4.58477  3.61503
          0.03002  3.91667  4.63902  0.61958  0.77255  0.48576  0.95510
    140   3.22397  4.60029  4.55313  4.05854  2.04454  4.31389  4.31017  2.29979  3.91671  1.09354  2.97170  4.25172  4.57771  4.06116  4.06115  3.67666  3.45801  2.39199  4.60722  3.15924    147 l - - -
          2.68618  4.42225  2.77519  2.73123  3.46354  2.40513  3.72494  3.29354  2.67741  2.69355  4.24690  2.90347  2.73739  3.18146  2.89801  2.37887  2.77519  2.98518  4.58477  3.61503
          0.03002  3.91667  4.63902  0.61958  0.77255  0.48576  0.95510
    141   2.88735  5.45200  1.62541  1.52597  4.73401  3.19087  3.71402  4.24981  2.71212  3.75052  4.59358  2.51781  3.80211  2.87693  3.29784  2.77595  3.17144  3.82503  5.91092  4.40924    148 e - - -
          2.68618  4.42225  2.77519  2.73123  3.46354  2.40513  3.72494  3.29354  2.67741  2.69355  4.24690  2.90347  2.73739  3.18146  2.89801  2.37887  2.77519  2.98518  4.58477  3.61503
          0.03002  3.91667  4.63902  0.61958  0.77255  0.48576  0.95510
    142   2.84290  4.37312  4.18653  3.85089  3.58229  3.76966  4.64494  2.04799  3.71935  2.26156  3.54060  4.03366  4.32761  4.07590  3.92761  3.27586  3.20331  0.97098  5.37424  4.10866    149 v - - -
          2.68618  4.42225  2.77519  2.73123  3.46354  2.40513  3.72494  3.29354  2.67741  2.69355  4.24690  2.90347  2.73739  3.18146  2.89801  2.37887  2.77519  2.98518  4.58477  3.61503
          0.03002  3.91667  4.63902  0.61958  0.77255  0.48576  0.95510
    143   2.58213  4.59396  2.96013  2.26661  3.79298  3.42821  3.64877  3.15478  2.36976  2.38348  3.68265  3.01397  3.82596  2.84762  2.78072  2.67189  2.81339  2.56653  5.12727  3.83791    150 e - - -
          2.68618  4.42225  2.77519  2.73123  3.46354  2.40513  3.72494  3.29354  2.67741  2.69355  4.24690  2.90347  2.73739  3.18146  2.89801  2.37887  2.77519  2.98518  4.58477  3.61503
          0.03002  3.91667  4.63902  0.61958  0.77255  0.48576  0.95510
    144   3.05512  4.89148  3.55026  3.05192  4.25726  3.53486  3.85604  3.80188  2.25487  3.30977  4.30865  3.40837  4.03515  3.07404  0.91298  3.13707  3.31798  3.52388  5.32229  4.17485    151 r - - -
          2.68618  4.42225  2.77519  2.73123  3.46354  2.40513  3.72494  3.29354  2.67741  2.69355  4.24690  2.90347  2.73739  3.18146  2.89801  2.37887  2.77519  2.98518  4.58477  3.61503
          0.03002  3.91667  4.63902  0.61958  0.77255  0.48576  0.95510
    145   3.08362  4.43952  4.62185  4.12026  3.36399  4.34634  4.82100  1.16502  3.95864  1.78400  3.20667  4.37416  4.65605  4.24193  4.16098  3.72578  3.34610  1.66622  5.34129  4.12779    152 i - - -
          2.68618  4.42225  2.77519  2.73123  3.46354  2.40513  3.72494  3.29354  2.67741  2.69355  4.24690  2.90347  2.73739  3.18146  2.89801  2.37887  2.77519  2.98518  4.58477  3.61503
          0.03002  3.91667  4.63902  0.61958  0.77255  0.48576  0.95510
    146   3.03731  4.38672  4.64599  4.15245  3.48007  4.32233  4.88269  1.26291  4.02931  1.98735  3.30048  4.38837  4.65577  4.30498  4.23870  3.70753  3.30788  1.35426  5.43456  4.22743    153 i - - -
          2.68618  4.42225  2.77519  2.73123  3.46354  2.40513  3.72494  3.29354  2.67741  2.69355  4.24690  2.90347  2.73739  3.18146  2.89801  2.37887  2.77519  2.98518  4.58477  3.61503
          0.03002  3.91667  4.63902  0.61958  0.77255  0.48576  0.95510
    147   2.75993  4.75818  2.73260  2.62245  4.12860  3.21349  3.95646  3.84835  2.86377  3.49017  4.44505  1.08215  3.86745  3.22918  3.22003  2.82536  3.14317  3.46610  5.42943  4.07367    154 n - - -
          2.68618  4.42225  2.77519  2.73123  3.46354  2.40513  3.72494  3.29354  2.67741  2.69355  4.24690  2.90347  2.73739  3.18146  2.89801  2.37887  2.77519  2.98518  4.58477  3.61503
          0.03002  3.91667  4.63902  0.61958  0.77255  0.48576  0.95510
    148   2.99011  5.11053  2.50601  0.96416  4.46226  3.30242  3.89284  3.92492  2.77891  3.53487  4.50679  2.95776  3.90904  3.10747  3.19245  2.96792  3.29463  3.60414  5.62550  4.34757    155 e - - -
          2.68618  4.42225  2.77519  2.73123  3.46354  2.40513  3.72494  3.29354  2.67741  2.69355  4.24690  2.90347  2.73739  3.18146  2.89801  2.37887  2.77519  2.98518  4.58477  3.61503
          0.03002  3.91667  4.63902  0.61958  0.77255  0.48576  0.95510
    149   2.81006  4.56025  3.42197  3.26724  4.25893  3.24525  4.34121  3.81552  3.32828  3.43765  4.48927  3.56958  0.74941  3.71572  3.56896  2.97889  3.25506  3.45588  5.43355  4.38015    156 p - - -
          2.68618  4.42225  2.77519  2.73123  3.46354  2.40513  3.72494  3.29354  2.67741  2.69355  4.24690  2.90347  2.73739  3.18146  2.89801  2.37887  2.77519  2.98518  4.58477  3.61503
          0.03002  3.91667  4.63902  0.61958  0.77255  0.48576  0.95510
    150   2.43637  4.28157  3.46717  3.22107  4.00774  3.11943  4.23504  3.14025  3.16492  3.00218  4.04976  3.42346  3.82661  3.55750  3.42156  2.63812  1.09916  2.83051  5.44166  4.22433    157 t - - -
          2.68618  4.42225  2.77519  2.73123  3.46354  2.40513  3.72494  3.29354  2.67741  2.69355  4.24690  2.90347  2.73739  3.18146  2.89801  2.37887  2.77519  2.98518  4.58477  3.61503
          0.03002  3.91667  4.63902  0.61958  0.77255  0.48576  0.95510
    151   1.08345  4.13520  3.41619  3.19053  4.12638  2.94779  4.23372  3.33148  3.21885  3.19742  4.12899  3.32453  3.70106  3.54359  3.48809  2.32083  2.72381  2.91013  5.54548  4.30946    158 a - - -
          2.68618  4.42225  2.77519  2.73123  3.46354  2.40513  3.72494  3.29354  2.67741  2.69355  4.24690  2.90347  2.73739  3.18146  2.89801  2.37887  2.77519  2.98518  4.58477  3.61503
          0.03002  3.91667  4.63902  0.61958  0.77255  0.48576  0.95510
    152   0.95191  4.21401  3.50735  3.30052  4.09627  3.03740  4.31736  3.22839  3.31790  3.10797  4.13484  3.43900  3.78078  3.65499  3.56548  2.56387  2.84428  2.87515  5.51901  4.32413    159 a - - -
          2.68618  4.42225  2.77519  2.73123  3.46354  2.40513  3.72494  3.29354  2.67741  2.69355  4.24690  2.90347  2.73739  3.18146  2.89801  2.37887  2.77519  2.98518  4.58477  3.61503
          0.03002  3.91667  4.63902  0.61958  0.77255  0.48576  0.95510
    153   1.73537  3.51939  3.64094  3.24725  4.07799  2.91620  4.18449  3.39305  3.19020  3.16432  4.02003  3.33209  3.65243  3.48580  3.47707  1.42388  2.63182  2.92813  5.46715  4.26543    160 s - - -
          2.68618  4.42225  2.77519  2.73123  3.46354  2.40513  3.72494  3.29354  2.67741  2.69355  4.24690  2.90347  2.73739  3.18146  2.89801  2.37887  2.77519  2.98518  4.58477  3.61503
          0.03002  3.91667  4.63902  0.61958  0.77255  0.48576  0.95510
    154   3.18920  4.59705  4.52447  3.98419  3.04497  4.33264  4.62328  2.17942  3.78300  1.02602  2.23058  4.28400  4.58039  4.01981  3.96232  3.68501  3.42268  2.27887  5.07351  3.93417    161 l - - -
          2.68618  4.42225  2.77519  2.73123  3.46354  2.40513  3.72494  3.29354  2.67741  2.69355  4.24690  2.90347  2.73739  3.18146  2.89801  2.37887  2.77519  2.98518  4.58477  3.61503
          0.03002  3.91667  4.63902  0.61958  0.77255  0.48576  0.95510
    155   0.95191  4.21401  3.50735  3.30052  4.09627  3.03740  4.31736  3.22839  3.31790  3.10797  4.13484  3.43900  3.78078  3.65499  3.56548  2.56387  2.84428  2.87515  5.51901  4.32413    162 a - - -
          2.68618  4.42225  2.77519  2.73123  3.46354  2.40513  3.72494  3.29354  2.67741  2.69355  4.24690  2.90347  2.73739  3.18146  2.89801  2.37887  2.77519  2.98518  4.58477  3.61503
          0.03002  3.91667  4.63902  0.61958  0.77255  0.48576  0.95510
    156   3.42247  4.76573  4.32541  3.96562  1.72525  4.19528  3.45842  3.17842  3.83082  2.55851  3.80304  3.90028  4.53343  3.91555  3.95174  3.55997  3.65554  3.09052  3.64646  1.07018    163 y - - -
          2.68618  4.42225  2.77519  2.73123  3.46354  2.40513  3.72494  3.29354  2.67741  2.69355  4.24690  2.90347  2.73739  3.18146  2.89801  2.37887  2.77519  2.98518  4.58477  3.61503
          0.03002  3.91667  4.63902  0.61958  0.77255  0.48576  0.95510
    157   2.71997  4.49122  3.40281  3.30773  4.44959  0.66405  4.42547  4.05980  3.49503  3.70843  4.68440  3.56705  3.88378  3.81566  3.72639  2.89312  3.20464  3.57958  5.53324  4.55292    164 G - - -
          2.68618  4.42225  2.77519  2.73123  3.46354  2.40513  3.72494  3.29354  2.67741  2.69355  4.24690  2.90347  2.73739  3.18146  2.89801  2.37887  2.77519  2.98518  4.58477  3.61503
          0.03002  3.91667  4.63902  0.61958  0.77255  0.48576  0.95510
    158   3.14317  4.54731  4.53476  4.01044  3.13652  4.31138  4.67512  1.98060  3.82632  1.03047  2.98453  4.29482  4.59400  4.07744  4.01835  3.67342  3.39356  1.95293  5.15179  3.97698    165 l - - -
          2.68618  4.42225  2.77519  2.73123  3.46354  2.40513  3.72494  3.29354  2.67741  2.69355  4.24690  2.90347  2.73739  3.18146  2.89801  2.37887  2.77519  2.98518  4.58477  3.61503
          0.03002  3.91667  4.63902  0.61958  0.77255  0.48576  0.95510
    159   3.03695  5.17227  0.85669  2.36247  4.55518  3.24403  3.96982  4.15338  3.06228  3.75379  4.73272  2.92111  3.89994  3.20895  3.58460  2.99423  3.37642  3.78781  5.71521  4.42061    166 d - - -
          2.68618  4.42225  2.77519  2.73123  3.46354  2.40513  3.72494  3.29354  2.67741  2.69355  4.24690  2.90347  2.73739  3.18146  2.89801  2.37887  2.77519  2.98518  4.58477  3.61503
          0.21055  3.91667  1.77224  0.61958  0.77255  0.48576  0.95510
    160   2.85867  4.80679  3.02569  2.67859  4.16306  3.35680  3.69974  3.58529  1.23399  3.18190  4.15554  3.10701  3.87069  2.90257  2.42607  2.91230  3.12454  3.30220  5.27584  4.07143    167 k - - -
          2.68618  4.42225  2.77519  2.73123  3.46354  2.40513  3.72494  3.29354  2.67741  2.69355  4.24690  2.90347  2.73739  3.18146  2.89801  2.37887  2.77519  2.98518  4.58477  3.61503
          0.03585  3.74198  4.46433  0.61958  0.77255  0.40605  1.09745
    161   2.56537  5.01024  2.32638  2.04725  4.30305  2.77807  3.60187  3.75426  2.29421  3.14442  4.09787  2.79520  3.76509  2.73746  2.91312  2.41902  2.88669  3.37810  5.49489  4.10520    168 e - - -
          2.68618  4.42225  2.77519  2.73123  3.46354  2.40513  3.72494  3.29354  2.67741  2.69355  4.24690  2.90347  2.73739  3.18146  2.89801  2.37887  2.77519  2.98518  4.58477  3.61503
          0.03002  3.91667  4.63902  0.61958  0.77255  0.48576  0.95510
    162   2.76906  5.27705  1.94104  1.78994  4.57417  2.83352  3.64693  4.06302  2.27142  3.56475  4.36916  2.58996  3.78079  2.78847  3.06687  2.69250  3.02907  3.64891  5.72767  4.27799    169 e - - -
          2.68618  4.42225  2.77519  2.73123  3.46354  2.40513  3.72494  3.29354  2.67741  2.69355  4.24690  2.90347  2.73739  3.18146  2.89801  2.37887  2.77519  2.98518  4.58477  3.61503
          0.03002  3.91667  4.63902  0.61958  0.77255  0.48576  0.95510
    163   2.56898  4.70018  2.98184  2.32678  3.93233  3.03388  3.60517  3.08473  2.30709  2.95510  3.78386  2.94808  3.79200  2.62426  2.70031  2.39433  2.80045  2.83721  5.21330  3.89930    170 k - - -
          2.68618  4.42225  2.77519  2.73123  3.46354  2.40513  3.72494  3.29354  2.67741  2.69355  4.24690  2.90347  2.73739  3.18146  2.89801  2.37887  2.77519  2.98518  4.58477  3.61503
          0.03002  3.91667  4.63902  0.61958  0.77255  0.48576  0.95510
    164   2.77690  5.24654  1.67898  1.94054  4.56018  3.22206  3.67460  4.04358  2.60220  3.56587  4.38387  2.52271  3.78393  2.82638  3.14965  2.40915  2.88156  3.63597  5.74434  4.29335    171 d - - -
          2.68618  4.42225  2.77519  2.73123  3.46354  2.40513  3.72494  3.29354  2.67741  2.69355  4.24690  2.90347  2.73739  3.18146  2.89801  2.37887  2.77519  2.98518  4.58477  3.61503
          0.03002  3.91667  4.63902  0.61958  0.77255  0.48576  0.95510
    165   2.63093  4.72503  3.02363  2.38990  3.91954  3.43502  3.42219  3.33772  2.33452  2.83715  3.21796  2.98935  3.83126  2.07318  2.71093  2.68654  2.85638  3.04947  5.19931  3.89344    172 q - - -
          2.68618  4.42225  2.77519  2.73123  3.46354  2.40513  3.72494  3.29354  2.67741  2.69355  4.24690  2.90347  2.73739  3.18146  2.89801  2.37887  2.77519  2.98518  4.58477  3.61503
          0.03002  3.91667  4.63902  0.61958  0.77255  0.48576  0.95510
    166   2.61958  4.65459  3.11804  2.62428  4.04421  3.38018  3.70161  3.30762  1.75686  3.01047  3.89640  3.06981  3.84835  2.88042  2.66800  2.70418  2.25709  2.84212  5.30176  4.02966    173 k - - -
          2.68618  4.42225  2.77519  2.73123  3.46354  2.40513  3.72494  3.29354  2.67741  2.69355  4.24690  2.90347  2.73739  3.18146  2.89801  2.37887  2.77519  2.98518  4.58477  3.61503
          0.03002  3.91667  4.63902  0.61958  0.77255  0.48576  0.95510
    167   3.03997  4.39594  4.63174  4.14281  3.46330  4.31009  4.87234  1.20379  4.01302  1.96664  3.28805  4.37920  4.64879  4.29214  4.22133  3.69852  3.31263  1.44572  5.42277  4.21408    174 i - - -
          2.68618  4.42225  2.77519  2.73123  3.46354  2.40513  3.72494  3.29354  2.67741  2.69355  4.24690  2.90347  2.73739  3.18146  2.89801  2.37887  2.77519  2.98518  4.58477  3.61503
          0.03002  3.91667  4.63902  0.61958  0.77255  0.48576  0.95510
    168   3.16692  4.57497  4.52995  3.98469  3.08236  4.32888  4.64558  2.12957  3.79912  0.99574  2.60029  4.28445  4.58310  4.03302  3.98707  3.67559  3.40460  2.11238  5.11150  3.97652    175 l - - -
          2.68618  4.42225  2.77519  2.73123  3.46354  2.40513  3.72494  3.29354  2.67741  2.69355  4.24690  2.90347  2.73739  3.18146  2.89801  2.37887  2.77519  2.98518  4.58477  3.61503
          0.05829  3.91667  3.30459  0.61958  0.77255  0.48576  0.95510
    169   2.90105  4.35949  4.35692  3.91007  3.48802  4.01504  4.68361  1.79431  3.75879  2.08478  3.37497  4.13487  4.46260  4.09185  3.98716  3.42512  3.21098  1.08886  5.36563  4.10431    176 v - - -
          2.68618  4.42225  2.77519  2.73123  3.46354  2.40513  3.72494  3.29354  2.67741  2.69355  4.24690  2.90347  2.73739  3.18146  2.89801  2.37887  2.77519  2.98518  4.58477  3.61503
          0.03087  3.88925  4.61160  0.61958  0.77255  0.51125  0.91565
    170   3.40886  4.73449  4.35961  3.99561  1.53966  4.19872  3.44174  3.14345  3.86027  2.51858  3.76114  3.90485  4.52746  3.92235  3.96663  3.55714  3.63798  3.05895  3.62235  1.20637    177 y - - -
          2.68618  4.42225  2.77519  2.73123  3.46354  2.40513  3.72494  3.29354  2.67741  2.69355  4.24690  2.90347  2.73739  3.18146  2.89801  2.37887  2.77519  2.98518  4.58477  3.61503
          0.03087  3.88925  4.61160  0.61958  0.77255  0.51125  0.91565
    171   3.00734  5.13866  0.89429  2.34491  4.51785  3.22312  3.94541  4.10978  3.03263  3.71504  4.69334  2.90219  3.87708  3.18446  3.55127  2.96768  3.34621  3.74711  5.68322  4.38775    178 d - - -
          2.68618  4.42225  2.77519  2.73123  3.46354  2.40513  3.72494  3.29354  2.67741  2.69355  4.24690  2.90347  2.73739  3.18146  2.89801  2.37887  2.77519  2.98518  4.58477  3.61503
          0.14365  3.88925  2.17726  0.61958  0.77255  0.51125  0.91565
    172   3.05389  4.54515  4.03946  3.68180  3.10517  3.86188  4.36659  2.30780  3.45033  0.99832  3.16229  3.96585  4.31514  3.84096  3.64037  3.42605  3.35351  2.32056  4.94804  3.64913    179 l - - -
          2.68618  4.42225  2.77519  2.73123  3.46354  2.40513  3.72494  3.29354  2.67741  2.69355  4.24690  2.90347  2.73739  3.18146  2.89801  2.37887  2.77519  2.98518  4.58477  3.61503
          0.05699  3.78009  3.42426  0.61958  0.77255  0.60074  0.79497
    173   2.53433  4.31640  3.18414  3.07142  4.20703  0.92937  4.19501  3.78214  3.23654  3.45008  4.42813  3.34949  3.70386  3.57056  3.48153  2.70371  3.00688  3.33305  5.32872  4.30642    180 g - - -
          2.68621  4.42228  2.77523  2.73126  3.46357  2.40483  3.72498  3.29357  2.67744  2.69358  4.24693  2.90350  2.73743  3.18149  2.89804  2.37890  2.77517  2.98521  4.58480  3.61506
          0.28507  1.39417        *  0.39143  1.12730  0.00000        *
//
